          atime         pst_uu         pst_vv         pst_ww         pm1avg           tavg
  3.6000000E+02  2.0197928E-01 -2.0197057E-01 -3.8388326E-16  6.5105713E-03  0.0000000E+00
  3.6000000E+02  1.0266136E-01 -5.2449659E-02 -5.0208517E-02  6.2887194E-03  0.0000000E+00
  3.6000000E+02  2.8487615E-02  3.0428741E-02 -5.8894623E-02  5.7909546E-03  0.0000000E+00
  3.6000000E+02 -3.8783218E-03  5.4148850E-02 -5.0263931E-02  4.8704733E-03  0.0000000E+00
  3.6000000E+02 -8.5215876E-03  4.6502966E-02 -3.7971513E-02  3.6352670E-03  0.0000000E+00
  3.6000000E+02 -4.4304602E-03  3.2160341E-02 -2.7724950E-02  2.2488968E-03  0.0000000E+00
  3.6000000E+02  1.2387034E-03  1.9832921E-02 -2.1058048E-02  8.4691746E-04  0.0000000E+00
  3.6000000E+02  7.0625878E-03  1.0729332E-02 -1.7788443E-02 -4.7812702E-04  0.0000000E+00
  3.6000000E+02  1.2822028E-02  4.3733668E-03 -1.7089042E-02 -1.6690998E-03  0.0000000E+00
  3.6000000E+02  1.8492216E-02 -3.0473882E-04 -1.8180848E-02 -2.6952634E-03  0.0000000E+00
  3.6000000E+02  2.4222549E-02 -4.0594260E-03 -2.0149877E-02 -3.5436485E-03  0.0000000E+00
  3.6000000E+02  2.9929552E-02 -7.4394703E-03 -2.2467899E-02 -4.2143908E-03  0.0000000E+00
  3.6000000E+02  3.5448186E-02 -1.0711238E-02 -2.4725500E-02 -4.7165327E-03  0.0000000E+00
  3.6000000E+02  4.0567513E-02 -1.3923617E-02 -2.6639776E-02 -5.0646970E-03  0.0000000E+00
  3.6000000E+02  4.5059232E-02 -1.6992821E-02 -2.8051172E-02 -5.2766877E-03  0.0000000E+00
  3.6000000E+02  4.8708761E-02 -1.9780573E-02 -2.8901839E-02 -5.3717949E-03  0.0000000E+00
  3.6000000E+02  5.1356548E-02 -2.2150514E-02 -2.9198357E-02 -5.3695698E-03  0.0000000E+00
  3.6000000E+02  5.2957286E-02 -2.3987676E-02 -2.8961621E-02 -5.2888369E-03  0.0000000E+00
  3.6000000E+02  5.3544461E-02 -2.5163141E-02 -2.8247902E-02 -5.1473667E-03  0.0000000E+00
  3.6000000E+02  5.3006381E-02 -2.5749206E-02 -2.7262262E-02 -4.9624113E-03  0.0000000E+00
  3.6000000E+02  5.1724120E-02 -2.5774070E-02 -2.5946986E-02 -4.7477282E-03  0.0000000E+00
  3.6000000E+02  4.9743795E-02 -2.5236258E-02 -2.4483126E-02 -4.5176299E-03  0.0000000E+00
  3.6000000E+02  4.7214737E-02 -2.4229586E-02 -2.2961244E-02 -4.2837977E-03  0.0000000E+00
  3.6000000E+02  4.4319457E-02 -2.2879535E-02 -2.1430161E-02 -4.0553939E-03  0.0000000E+00
  3.6000000E+02  4.1230398E-02 -2.1306751E-02 -1.9924559E-02 -3.8392581E-03  0.0000000E+00
  3.6000000E+02  3.8088150E-02 -1.9611150E-02 -1.8476456E-02 -3.6401607E-03  0.0000000E+00
  3.6000000E+02  3.4995815E-02 -1.7870091E-02 -1.7115594E-02 -3.4610918E-03  0.0000000E+00
  3.6000000E+02  3.2024217E-02 -1.6144073E-02 -1.5863750E-02 -3.3035597E-03  0.0000000E+00
  3.6000000E+02  2.9222614E-02 -1.4483427E-02 -1.4728027E-02 -3.1678751E-03  0.0000000E+00
  3.6000000E+02  2.6629624E-02 -1.2929475E-02 -1.3698135E-02 -3.0533981E-03  0.0000000E+00
  3.6000000E+02  2.4279023E-02 -1.1503602E-02 -1.2752700E-02 -2.9587226E-03  0.0000000E+00
  3.6000000E+02  2.2196560E-02 -1.0204601E-02 -1.1884422E-02 -2.8819071E-03  0.0000000E+00
  3.6000000E+02  2.0372276E-02 -9.2390861E-03 -1.1123643E-02 -2.8215021E-03  0.0000000E+00
  3.6000000E+02  1.8768876E-02 -8.3565355E-03 -1.0417863E-02 -2.7742895E-03  0.0000000E+00
  3.6000000E+02  1.7380554E-02 -7.5936664E-03 -9.7836557E-03 -2.7386581E-03  0.0000000E+00
  3.6000000E+02  1.6192014E-02 -6.9588585E-03 -9.2228267E-03 -2.7126291E-03  0.0000000E+00
  3.6000000E+02  1.5182627E-02 -6.4439806E-03 -8.7290473E-03 -2.6941102E-03  0.0000000E+00
  3.6000000E+02  1.4329525E-02 -6.0329658E-03 -8.2926381E-03 -2.6810757E-03  0.0000000E+00
  3.6000000E+02  1.3609795E-02 -5.7075937E-03 -7.9037531E-03 -2.6716850E-03  0.0000000E+00
  3.6000000E+02  1.3001893E-02 -5.4509407E-03 -7.5542083E-03 -2.6643486E-03  0.0000000E+00
  3.6000000E+02  1.2486454E-02 -5.2489595E-03 -7.2381982E-03 -2.6577532E-03  0.0000000E+00
  3.6000000E+02  1.2046607E-02 -5.0906463E-03 -6.9521481E-03 -2.6508560E-03  0.0000000E+00
  3.6000000E+02  1.1667973E-02 -4.9672573E-03 -6.6939449E-03 -2.6428588E-03  0.0000000E+00
  3.6000000E+02  1.1338469E-02 -4.8710344E-03 -6.4617939E-03 -2.6331725E-03  0.0000000E+00
  3.6000000E+02  1.1048068E-02 -4.7938997E-03 -6.2529451E-03 -2.6213827E-03  0.0000000E+00
  3.6000000E+02  1.0788663E-02 -4.7265804E-03 -6.0625352E-03 -2.6072274E-03  0.0000000E+00
  3.6000000E+02  1.0554183E-02 -4.6586229E-03 -5.8827901E-03 -2.5905956E-03  0.0000000E+00
  3.6000000E+02  1.0343798E-02 -4.5914897E-03 -5.7055604E-03 -2.5715765E-03  0.0000000E+00
  3.6000000E+02  1.0166240E-02 -4.6085455E-03 -5.5507356E-03 -2.5502752E-03  0.0000000E+00
  3.6000000E+02  9.9850472E-03 -4.5892066E-03 -5.3982732E-03 -2.5264367E-03  0.0000000E+00
  3.6000000E+02  9.8044661E-03 -4.5518776E-03 -5.2530425E-03 -2.5002346E-03  0.0000000E+00
  3.6000000E+02  9.6260943E-03 -4.5065597E-03 -5.1164014E-03 -2.4718795E-03  0.0000000E+00
  3.6000000E+02  9.4499149E-03 -4.4576504E-03 -4.9877188E-03 -2.4415883E-03  0.0000000E+00
  3.6000000E+02  9.2750776E-03 -4.4061380E-03 -4.8654950E-03 -2.4095630E-03  0.0000000E+00
  3.6000000E+02  9.1004554E-03 -4.3512573E-03 -4.7481312E-03 -2.3759774E-03  0.0000000E+00
  3.6000000E+02  8.9250104E-03 -4.2916663E-03 -4.6343970E-03 -2.3409694E-03  0.0000000E+00
  3.6000000E+02  8.7480012E-03 -4.2262099E-03 -4.5236435E-03 -2.3046395E-03  0.0000000E+00
  3.6000000E+02  8.5690657E-03 -4.1543313E-03 -4.4158128E-03 -2.2670541E-03  0.0000000E+00
  3.6000000E+02  8.3882112E-03 -4.0761967E-03 -4.3112914E-03 -2.2282515E-03  0.0000000E+00
  3.6000000E+02  8.2057457E-03 -3.9925933E-03 -4.2106576E-03 -2.1882515E-03  0.0000000E+00
  3.6000000E+02  8.0221819E-03 -3.9046675E-03 -4.1143711E-03 -2.1470661E-03  0.0000000E+00
  3.6000000E+02  7.8381479E-03 -3.8135631E-03 -4.0224541E-03 -2.1047101E-03  0.0000000E+00
  3.6000000E+02  7.6543375E-03 -3.7200245E-03 -3.9342135E-03 -2.0612127E-03  0.0000000E+00
  3.6000000E+02  7.4715317E-03 -3.6240275E-03 -3.8480515E-03 -2.0166262E-03  0.0000000E+00
  3.6000000E+02  7.2907263E-03 -3.5245009E-03 -3.7614162E-03 -1.9710331E-03  0.0000000E+00
  3.6000000E+02  7.1133964E-03 -3.4192018E-03 -3.6709380E-03 -1.9245497E-03  0.0000000E+00
  3.6000000E+02  6.9577350E-03 -3.3676314E-03 -3.5821670E-03 -1.8777205E-03  0.0000000E+00
  3.6000000E+02  6.7976482E-03 -3.3040422E-03 -3.4942351E-03 -1.8301561E-03  0.0000000E+00
  3.6000000E+02  6.6344363E-03 -3.2295429E-03 -3.4061672E-03 -1.7819626E-03  0.0000000E+00
  3.6000000E+02  6.4715486E-03 -3.1527875E-03 -3.3182748E-03 -1.7333006E-03  0.0000000E+00
  3.6000000E+02  6.3107391E-03 -3.0778485E-03 -3.2309415E-03 -1.6842938E-03  0.0000000E+00
  3.6000000E+02  6.1527550E-03 -3.0059958E-03 -3.1445332E-03 -1.6350355E-03  0.0000000E+00
  3.6000000E+02  5.9978225E-03 -2.9370115E-03 -3.0593493E-03 -1.5855947E-03  0.0000000E+00
  3.6000000E+02  5.8459623E-03 -2.8701023E-03 -2.9756081E-03 -1.5360196E-03  0.0000000E+00
  3.6000000E+02  5.6971641E-03 -2.8044717E-03 -2.8934556E-03 -1.4863406E-03  0.0000000E+00
  3.6000000E+02  5.5514542E-03 -2.7396129E-03 -2.8129897E-03 -1.4365730E-03  0.0000000E+00
  3.6000000E+02  5.4088844E-03 -2.6753844E-03 -2.7342899E-03 -1.3867179E-03  0.0000000E+00
  3.6000000E+02  5.2694762E-03 -2.6119288E-03 -2.6574432E-03 -1.3367644E-03  0.0000000E+00
  3.6000000E+02  5.1331501E-03 -2.5494976E-03 -2.5825585E-03 -1.2866906E-03  0.0000000E+00
  3.6000000E+02  4.9996706E-03 -2.4882432E-03 -2.5097579E-03 -1.2364658E-03  0.0000000E+00
  3.6000000E+02  4.8686413E-03 -2.4280384E-03 -2.4391384E-03 -1.1860528E-03  0.0000000E+00
  3.6000000E+02  4.7395771E-03 -2.3683871E-03 -2.3706927E-03 -1.1354115E-03  0.0000000E+00
  3.6000000E+02  4.6120886E-03 -2.3084852E-03 -2.3041814E-03 -1.0845038E-03  0.0000000E+00
  3.6000000E+02  4.4862074E-03 -2.2474959E-03 -2.2389468E-03 -1.0332991E-03  0.0000000E+00
  3.6000000E+02  4.3628853E-03 -2.1850985E-03 -2.1736588E-03 -9.8178339E-04  0.0000000E+00
  3.6000000E+02  4.2451496E-03 -2.1238280E-03 -2.1063317E-03 -9.2997873E-04  0.0000000E+00
  3.6000000E+02  4.1411702E-03 -2.0937209E-03 -2.0445342E-03 -8.7815644E-04  0.0000000E+00
  3.6000000E+02  4.0357431E-03 -2.0547003E-03 -1.9818677E-03 -8.2606161E-04  0.0000000E+00
  3.6000000E+02  3.9306635E-03 -2.0115817E-03 -1.9199253E-03 -7.7374921E-04  0.0000000E+00
  3.6000000E+02  3.8267685E-03 -1.9669547E-03 -1.8596085E-03 -7.2128361E-04  0.0000000E+00
  3.6000000E+02  3.7243241E-03 -1.9219899E-03 -1.8013068E-03 -6.6873416E-04  0.0000000E+00
  3.6000000E+02  3.6233107E-03 -1.8770491E-03 -1.7450563E-03 -6.1617114E-04  0.0000000E+00
  3.6000000E+02  3.5236202E-03 -1.8321213E-03 -1.6906760E-03 -5.6366207E-04  0.0000000E+00
  3.6000000E+02  3.4251776E-03 -1.7871106E-03 -1.6378830E-03 -5.1126845E-04  0.0000000E+00
  3.6000000E+02  3.3280007E-03 -1.7419993E-03 -1.5863846E-03 -4.5904315E-04  0.0000000E+00
  3.6000000E+02  3.2322114E-03 -1.6969108E-03 -1.5359473E-03 -4.0702848E-04  0.0000000E+00
  3.6000000E+02  3.1380105E-03 -1.6520970E-03 -1.4864416E-03 -3.5525502E-04  0.0000000E+00
  3.6000000E+02  3.0456315E-03 -1.6078747E-03 -1.4378639E-03 -3.0374139E-04  0.0000000E+00
  3.6000000E+02  2.9552838E-03 -1.5645344E-03 -1.3903318E-03 -2.5249495E-04  0.0000000E+00
  3.6000000E+02  2.8671012E-03 -1.5222473E-03 -1.3440556E-03 -2.0151368E-04  0.0000000E+00
  3.6000000E+02  2.7811071E-03 -1.4809942E-03 -1.2992832E-03 -1.5078920E-04  0.0000000E+00
