          atime         pdf_uu         pdf_vv         pdf_ww         pm1avg           tavg
  3.6000000E+02  8.3130723E-16 -2.1323028E-01 -1.4422474E-17  6.5105713E-03  0.0000000E+00
  3.6000000E+02 -1.1996675E-15 -5.1657266E-02  4.4160096E-18  6.2887194E-03  0.0000000E+00
  3.6000000E+02  9.9275577E-16  3.7807889E-02  4.3414364E-18  5.7909546E-03  0.0000000E+00
  3.6000000E+02  2.2363597E-15  6.4917669E-02  4.1357608E-19  4.8704733E-03  0.0000000E+00
  3.6000000E+02 -2.5131996E-16  5.7948346E-02  1.6306215E-18  3.6352670E-03  0.0000000E+00
  3.6000000E+02  1.5065136E-15  4.3503228E-02  3.0239880E-18  2.2488968E-03  0.0000000E+00
  3.6000000E+02  1.7638797E-15  3.1569671E-02 -9.6855491E-19  8.4691746E-04  0.0000000E+00
  3.6000000E+02 -1.0805756E-16  2.3479274E-02 -1.7484312E-19 -4.7812702E-04  0.0000000E+00
  3.6000000E+02  5.2697607E-16  1.8634903E-02  3.7442079E-18 -1.6690998E-03  0.0000000E+00
  3.6000000E+02  7.8172833E-16  1.5268331E-02 -5.9694462E-18 -2.6952634E-03  0.0000000E+00
  3.6000000E+02 -6.9616791E-16  1.2822869E-02 -7.3421527E-18 -3.5436485E-03  0.0000000E+00
  3.6000000E+02 -1.4049784E-15  1.0471867E-02 -3.4704451E-18 -4.2143908E-03  0.0000000E+00
  3.6000000E+02 -1.0346309E-15  7.8492567E-03  2.9172454E-19 -4.7165327E-03  0.0000000E+00
  3.6000000E+02 -3.5560021E-16  4.9103447E-03  1.2460984E-18 -5.0646970E-03  0.0000000E+00
  3.6000000E+02 -1.1552335E-16  1.7692918E-03 -1.1422807E-19 -5.2766877E-03  0.0000000E+00
  3.6000000E+02 -3.3005473E-16 -1.4004537E-03 -1.5492860E-18 -5.3717949E-03  0.0000000E+00
  3.6000000E+02 -2.9596060E-16 -4.3928275E-03 -1.3030886E-18 -5.3695698E-03  0.0000000E+00
  3.6000000E+02  3.4555024E-16 -6.9129907E-03  7.2898005E-20 -5.2888369E-03  0.0000000E+00
  3.6000000E+02 -5.0310335E-16 -8.8000484E-03 -5.2369385E-19 -5.1473667E-03  0.0000000E+00
  3.6000000E+02 -1.0248998E-15 -1.0511654E-02 -4.8149971E-18 -4.9624113E-03  0.0000000E+00
  3.6000000E+02 -4.2630970E-16 -1.1280416E-02 -5.8999858E-18 -4.7477282E-03  0.0000000E+00
  3.6000000E+02  1.9443538E-16 -1.1558101E-02 -2.9445490E-18 -4.5176299E-03  0.0000000E+00
  3.6000000E+02  2.8468206E-16 -1.1488488E-02  9.4247317E-19 -4.2837977E-03  0.0000000E+00
  3.6000000E+02 -1.7715453E-16 -1.1113817E-02  2.9377276E-18 -4.0553939E-03  0.0000000E+00
  3.6000000E+02 -8.5833763E-16 -1.0478085E-02  2.2425593E-18 -3.8392581E-03  0.0000000E+00
  3.6000000E+02 -1.3286100E-15 -9.6554990E-03  4.1003584E-20 -3.6401607E-03  0.0000000E+00
  3.6000000E+02 -1.3148668E-15 -8.7323671E-03 -1.6154318E-18 -3.4610918E-03  0.0000000E+00
  3.6000000E+02 -8.7151677E-16 -7.7707202E-03 -1.2881862E-18 -3.3035597E-03  0.0000000E+00
  3.6000000E+02 -3.8434989E-16 -6.7819613E-03  7.1074050E-19 -3.1678751E-03  0.0000000E+00
  3.6000000E+02 -3.2572811E-16 -5.7388296E-03  2.2319901E-18 -3.0533981E-03  0.0000000E+00
  3.6000000E+02 -6.7891643E-16 -4.6539735E-03  9.6087072E-19 -2.9587226E-03  0.0000000E+00
  3.6000000E+02 -1.9118527E-16 -3.7748718E-03 -1.3103426E-18 -2.8819071E-03  0.0000000E+00
  3.6000000E+02 -5.6343555E-16 -3.0988750E-03  9.8623944E-19 -2.8215021E-03  0.0000000E+00
  3.6000000E+02 -4.9073220E-16 -2.2456781E-03  1.5618565E-18 -2.7742895E-03  0.0000000E+00
  3.6000000E+02 -2.0246342E-16 -1.4742063E-03 -4.1738227E-19 -2.7386581E-03  0.0000000E+00
  3.6000000E+02  9.9918229E-17 -8.6481509E-04 -2.9861487E-18 -2.7126291E-03  0.0000000E+00
  3.6000000E+02  2.8839255E-16 -4.0999393E-04 -4.0860836E-18 -2.6941102E-03  0.0000000E+00
  3.6000000E+02  3.2078810E-16 -7.3225170E-05 -2.8687884E-18 -2.6810757E-03  0.0000000E+00
  3.6000000E+02  2.2859141E-16  1.7814358E-04  6.5549092E-20 -2.6716850E-03  0.0000000E+00
  3.6000000E+02  8.8622434E-17  3.6015395E-04  3.1550625E-18 -2.6643486E-03  0.0000000E+00
  3.6000000E+02 -1.2950257E-17  4.7375901E-04  4.7498170E-18 -2.6577532E-03  0.0000000E+00
  3.6000000E+02 -1.5781326E-17  5.1475405E-04  4.0332902E-18 -2.6508560E-03  0.0000000E+00
  3.6000000E+02  8.8765939E-17  4.8625668E-04  1.6528930E-18 -2.6428588E-03  0.0000000E+00
  3.6000000E+02  2.4949404E-16  4.0787710E-04 -2.7930203E-19 -2.6331725E-03  0.0000000E+00
  3.6000000E+02  3.7347887E-16  3.1571926E-04  8.4554404E-19 -2.6213827E-03  0.0000000E+00
  3.6000000E+02  3.7888385E-16  2.4735379E-04  5.8576869E-18 -2.6072274E-03  0.0000000E+00
  3.6000000E+02  2.9095412E-16  2.0590341E-04  9.8871621E-18 -2.5905956E-03  0.0000000E+00
  3.6000000E+02  3.1054721E-16  8.8749984E-05 -2.0611337E-19 -2.5715765E-03  0.0000000E+00
  3.6000000E+02  1.0553146E-17 -1.0152050E-04 -9.9179523E-20 -2.5502752E-03  0.0000000E+00
  3.6000000E+02 -4.8825832E-17 -1.8214736E-04 -4.7778746E-18 -2.5264367E-03  0.0000000E+00
  3.6000000E+02 -4.7134919E-17 -2.3266449E-04 -7.0371304E-18 -2.5002346E-03  0.0000000E+00
  3.6000000E+02 -5.1021587E-17 -2.8612642E-04 -5.4094735E-18 -2.4718795E-03  0.0000000E+00
  3.6000000E+02 -6.6861677E-17 -3.4932740E-04 -1.2583461E-18 -2.4415883E-03  0.0000000E+00
  3.6000000E+02 -7.7364232E-17 -4.1711509E-04  3.2143419E-18 -2.4095630E-03  0.0000000E+00
  3.6000000E+02 -6.4581248E-17 -4.8167728E-04  6.1870597E-18 -2.3759774E-03  0.0000000E+00
  3.6000000E+02 -2.1748548E-17 -5.3767990E-04  6.8045312E-18 -2.3409694E-03  0.0000000E+00
  3.6000000E+02  4.3616037E-17 -5.8413454E-04  5.2712677E-18 -2.3046395E-03  0.0000000E+00
  3.6000000E+02  1.1293100E-16 -6.2387389E-04  2.5933887E-18 -2.2670541E-03  0.0000000E+00
  3.6000000E+02  1.6365979E-16 -6.6151328E-04  1.0936041E-19 -2.2282515E-03  0.0000000E+00
  3.6000000E+02  1.7788358E-16 -7.0077677E-04 -1.0497197E-18 -2.1882515E-03  0.0000000E+00
  3.6000000E+02  1.4991194E-16 -7.4206591E-04 -4.2966097E-19 -2.1470661E-03  0.0000000E+00
  3.6000000E+02  9.0505321E-17 -7.8114961E-04  1.4880881E-18 -2.1047101E-03  0.0000000E+00
  3.6000000E+02  2.5282984E-17 -8.0985333E-04  3.3791436E-18 -2.0612127E-03  0.0000000E+00
  3.6000000E+02 -1.5109616E-17 -8.1962596E-04  3.6609559E-18 -2.0166262E-03  0.0000000E+00
  3.6000000E+02 -1.5500319E-17 -8.0886260E-04  1.7102733E-18 -1.9710331E-03  0.0000000E+00
  3.6000000E+02 -9.7827601E-18 -7.9486163E-04 -1.4606781E-19 -1.9245497E-03  0.0000000E+00
  3.6000000E+02 -5.7797152E-17 -8.6658811E-04 -5.1132911E-19 -1.8777205E-03  0.0000000E+00
  3.6000000E+02 -5.0104120E-17 -8.8297550E-04 -8.4605422E-20 -1.8301561E-03  0.0000000E+00
  3.6000000E+02 -2.6847776E-17 -8.7140461E-04 -1.5573809E-20 -1.7819626E-03  0.0000000E+00
  3.6000000E+02 -1.2885799E-17 -8.5666052E-04 -5.2020188E-19 -1.7333006E-03  0.0000000E+00
  3.6000000E+02 -1.5478628E-17 -8.4739241E-04 -1.1941243E-18 -1.6842938E-03  0.0000000E+00
  3.6000000E+02 -3.1797321E-17 -8.4353370E-04 -1.5488794E-18 -1.6350355E-03  0.0000000E+00
  3.6000000E+02 -5.4495155E-17 -8.4153837E-04 -1.3078679E-18 -1.5855947E-03  0.0000000E+00
  3.6000000E+02 -7.5583203E-17 -8.3774971E-04 -5.1017409E-19 -1.5360196E-03  0.0000000E+00
  3.6000000E+02 -8.8850122E-17 -8.3021748E-04  5.2960920E-19 -1.4863406E-03  0.0000000E+00
  3.6000000E+02 -9.1066386E-17 -8.1927965E-04  1.3574132E-18 -1.4365730E-03  0.0000000E+00
  3.6000000E+02 -8.2213204E-17 -8.0722493E-04  1.5634416E-18 -1.3867179E-03  0.0000000E+00
  3.6000000E+02 -6.4976351E-17 -7.9735216E-04  9.6549505E-19 -1.3367644E-03  0.0000000E+00
  3.6000000E+02 -4.3745153E-17 -7.9274268E-04 -2.5626869E-19 -1.2866906E-03  0.0000000E+00
  3.6000000E+02 -2.3356862E-17 -7.9506182E-04 -1.5212794E-18 -1.2364658E-03  0.0000000E+00
  3.6000000E+02 -7.8266498E-18 -8.0370569E-04 -1.9553440E-18 -1.1860528E-03  0.0000000E+00
  3.6000000E+02  6.9653756E-19 -8.1560934E-04 -6.9042159E-19 -1.1354115E-03  0.0000000E+00
  3.6000000E+02  2.5080349E-18 -8.2603247E-04  2.5944756E-18 -1.0845038E-03  0.0000000E+00
  3.6000000E+02  2.1918176E-19 -8.3063873E-04  6.8431156E-18 -1.0332991E-03  0.0000000E+00
  3.6000000E+02 -2.3175154E-18 -8.2918493E-04  8.4544731E-18 -9.8178339E-04  0.0000000E+00
  3.6000000E+02 -7.2755024E-19 -8.3354448E-04  5.5396956E-19 -9.2997873E-04  0.0000000E+00
  3.6000000E+02  7.6383945E-18 -8.8056596E-04  6.1972397E-20 -8.7815644E-04  0.0000000E+00
  3.6000000E+02 -1.1053383E-17 -8.9485754E-04 -4.6824133E-18 -8.2606161E-04  0.0000000E+00
  3.6000000E+02 -2.4793106E-17 -8.9604794E-04 -8.6913977E-18 -7.7374921E-04  0.0000000E+00
  3.6000000E+02 -2.4386733E-17 -8.9336033E-04 -1.0162685E-17 -7.2128361E-04  0.0000000E+00
  3.6000000E+02 -1.2829463E-17 -8.8979611E-04 -9.1469954E-18 -6.6873416E-04  0.0000000E+00
  3.6000000E+02  2.2528390E-18 -8.8521816E-04 -6.5687594E-18 -6.1617114E-04  0.0000000E+00
  3.6000000E+02  1.3522345E-17 -8.7847598E-04 -3.5536508E-18 -5.6366207E-04  0.0000000E+00
  3.6000000E+02  1.6636171E-17 -8.6871570E-04 -1.0166318E-18 -5.1126845E-04  0.0000000E+00
  3.6000000E+02  1.1169547E-17 -8.5601732E-04  5.3582349E-19 -4.5904315E-04  0.0000000E+00
  3.6000000E+02  1.8332175E-19 -8.4150203E-04  1.0356557E-18 -4.0702848E-04  0.0000000E+00
  3.6000000E+02 -1.1136142E-17 -8.2705227E-04  7.6162907E-19 -3.5525502E-04  0.0000000E+00
  3.6000000E+02 -1.7336609E-17 -8.1478708E-04  1.7255257E-19 -3.0374139E-04  0.0000000E+00
  3.6000000E+02 -1.4631083E-17 -8.0643555E-04 -2.8835696E-19 -2.5249495E-04  0.0000000E+00
  3.6000000E+02 -2.4723357E-18 -8.0275089E-04 -3.7163759E-19 -2.0151368E-04  0.0000000E+00
  3.6000000E+02  1.5657229E-17 -8.0310796E-04 -1.3594149E-19 -1.5078920E-04  0.0000000E+00
  3.6000000E+02 -1.9870851E-15 -1.9292264E-01 -1.3048905E-17  6.5105713E-03  0.0000000E+00
  3.6000000E+02 -8.6863964E-17 -3.5492159E-02  1.4585190E-18  6.2546875E-03  0.0000000E+00
  3.6000000E+02 -1.6527843E-15  4.3859789E-02  1.5561316E-18  5.6301404E-03  0.0000000E+00
  3.6000000E+02  1.4850769E-15  5.8533958E-02  1.4151340E-18  4.5045281E-03  0.0000000E+00
  3.6000000E+02 -5.2278671E-17  4.6947509E-02 -2.3028633E-19  3.0580669E-03  0.0000000E+00
  3.6000000E+02  5.7562268E-16  3.3175867E-02 -5.1857550E-19  1.5022183E-03  0.0000000E+00
  3.6000000E+02  4.2655444E-16  2.3582612E-02 -2.5285042E-19 -7.5491696E-06  0.0000000E+00
  3.6000000E+02  1.6602392E-16  1.7612338E-02  5.9160842E-19 -1.3752675E-03  0.0000000E+00
  3.6000000E+02  8.5618445E-16  1.4204729E-02  1.5391706E-18 -2.5492055E-03  0.0000000E+00
  3.6000000E+02 -2.8902831E-16  1.1700817E-02 -1.3440079E-18 -3.5073190E-03  0.0000000E+00
  3.6000000E+02 -3.9522638E-16  9.3446023E-03 -2.6299865E-18 -4.2481162E-03  0.0000000E+00
  3.6000000E+02 -1.5850537E-17  6.6835725E-03 -1.4656288E-18 -4.7837504E-03  0.0000000E+00
  3.6000000E+02  7.6078286E-17  3.6878114E-03  2.4909327E-19 -5.1345269E-03  0.0000000E+00
  3.6000000E+02 -1.8057309E-16  5.1727219E-04  8.8636686E-19 -5.3250663E-03  0.0000000E+00
  3.6000000E+02 -1.4177607E-16 -2.6040962E-03  2.8691070E-19 -5.3816851E-03  0.0000000E+00
  3.6000000E+02  2.7666304E-16 -5.3891903E-03 -4.4405191E-19 -5.3305209E-03  0.0000000E+00
  3.6000000E+02  5.0202293E-17 -7.3453867E-03 -1.1272587E-19 -5.1959296E-03  0.0000000E+00
  3.6000000E+02  3.7764951E-16 -9.2887810E-03  1.5698063E-19 -5.0024930E-03  0.0000000E+00
  3.6000000E+02  3.6158217E-16 -1.0162571E-02  2.6546164E-19 -4.7690435E-03  0.0000000E+00
  3.6000000E+02  5.3153252E-18 -1.0458207E-02 -1.2513753E-18 -4.5151568E-03  0.0000000E+00
  3.6000000E+02 -2.0614997E-16 -1.0368536E-02 -2.3812608E-18 -4.2567809E-03  0.0000000E+00
  3.6000000E+02 -1.2433017E-16 -9.9459988E-03 -1.7366376E-18 -4.0061052E-03  0.0000000E+00
  3.6000000E+02  1.1577484E-16 -9.2507804E-03  1.5948281E-19 -3.7718885E-03  0.0000000E+00
  3.6000000E+02  3.1082288E-16 -8.3805624E-03  1.5966630E-18 -3.5598904E-03  0.0000000E+00
  3.6000000E+02  2.7358349E-16 -7.4336579E-03  1.2784331E-18 -3.3733548E-03  0.0000000E+00
  3.6000000E+02  4.1386301E-17 -6.4572761E-03 -3.2881520E-19 -3.2134976E-03  0.0000000E+00
  3.6000000E+02 -1.2136298E-16 -5.4326794E-03 -1.0301832E-18 -3.0799497E-03  0.0000000E+00
  3.6000000E+02 -1.4212358E-17 -4.3489918E-03  5.4938184E-19 -2.9711070E-03  0.0000000E+00
  3.6000000E+02 -9.9499276E-17 -3.4293992E-03 -9.9515459E-19 -2.8844125E-03  0.0000000E+00
  3.6000000E+02  2.3655841E-16 -2.7518854E-03 -1.2218739E-18 -2.8178476E-03  0.0000000E+00
  3.6000000E+02  1.7049336E-16 -1.9010150E-03 -1.6515047E-19 -2.7672864E-03  0.0000000E+00
  3.6000000E+02  1.1495585E-16 -1.1637692E-03 -2.3085849E-20 -2.7304799E-03  0.0000000E+00
  3.6000000E+02  1.1634005E-16 -6.0857400E-04 -4.3996488E-19 -2.7047000E-03  0.0000000E+00
  3.6000000E+02  1.1995351E-16 -2.0979831E-04 -5.6861940E-19 -2.6871307E-03  0.0000000E+00
  3.6000000E+02  7.2028118E-17  7.7714770E-05 -7.9641740E-20 -2.6751310E-03  0.0000000E+00
  3.6000000E+02 -2.5263744E-17  2.8336397E-04  6.2079047E-19 -2.6663913E-03  0.0000000E+00
  3.6000000E+02 -1.0443292E-16  4.1403429E-04  7.0271661E-19 -2.6590044E-03  0.0000000E+00
  3.6000000E+02 -1.1846671E-16  4.6515043E-04 -5.0793905E-19 -2.6514729E-03  0.0000000E+00
  3.6000000E+02 -3.5986406E-17  4.3881999E-04 -2.9435956E-18 -2.6426730E-03  0.0000000E+00
  3.6000000E+02  7.5069948E-17  3.5834718E-04 -5.4649012E-18 -2.6317988E-03  0.0000000E+00
  3.6000000E+02  1.1571930E-16  2.6839791E-04 -6.0480382E-18 -2.6183052E-03  0.0000000E+00
  3.6000000E+02  1.7182574E-17  2.1009680E-04 -2.7512085E-18 -2.6018735E-03  0.0000000E+00
  3.6000000E+02 -5.2798820E-17  1.6033702E-04  4.2779380E-18 -2.5824196E-03  0.0000000E+00
  3.6000000E+02  6.6909680E-18 -3.3121736E-05  8.1558971E-18 -2.5601773E-03  0.0000000E+00
  3.6000000E+02 -3.7449135E-17 -1.4533096E-04  4.9003098E-18 -2.5349117E-03  0.0000000E+00
  3.6000000E+02 -8.7307307E-17 -1.9999405E-04  1.0399654E-18 -2.5066767E-03  0.0000000E+00
  3.6000000E+02 -1.5385988E-16 -2.5195049E-04 -9.6110545E-19 -2.4757459E-03  0.0000000E+00
  3.6000000E+02 -2.1797692E-16 -3.1446055E-04 -1.0301726E-18 -2.4424128E-03  0.0000000E+00
  3.6000000E+02 -2.4577339E-16 -3.8221779E-04 -6.4679502E-20 -2.4069525E-03  0.0000000E+00
  3.6000000E+02 -2.2846914E-16 -4.4585270E-04  9.6002779E-19 -2.3695983E-03  0.0000000E+00
  3.6000000E+02 -1.6996256E-16 -4.9953420E-04  1.4516758E-18 -2.3305300E-03  0.0000000E+00
  3.6000000E+02 -9.0035100E-17 -5.4327584E-04  1.3283067E-18 -2.2898723E-03  0.0000000E+00
  3.6000000E+02 -1.7779855E-17 -5.8155358E-04  9.0934949E-19 -2.2477007E-03  0.0000000E+00
  3.6000000E+02  2.1878799E-17 -6.1984187E-04  6.6808353E-19 -2.2040547E-03  0.0000000E+00
  3.6000000E+02  2.2932187E-17 -6.6067493E-04  9.4305414E-19 -2.1589536E-03  0.0000000E+00
  3.6000000E+02 -2.4560273E-18 -7.0084000E-04  1.7060039E-18 -2.1124150E-03  0.0000000E+00
  3.6000000E+02 -2.6092475E-17 -7.3130944E-04  2.4838812E-18 -2.0644729E-03  0.0000000E+00
  3.6000000E+02 -1.9744384E-17 -7.4151843E-04  2.5324873E-18 -2.0151937E-03  0.0000000E+00
  3.6000000E+02  1.3734976E-17 -7.2959513E-04  1.3593256E-18 -1.9646884E-03  0.0000000E+00
  3.6000000E+02 -5.2501970E-18 -7.2912141E-04  4.4743432E-19 -1.9131659E-03  0.0000000E+00
  3.6000000E+02  4.5648650E-17 -7.9436978E-04  2.5667866E-18 -1.8611940E-03  0.0000000E+00
  3.6000000E+02  4.6456815E-17 -7.9547326E-04 -1.3580952E-18 -1.8082942E-03  0.0000000E+00
  3.6000000E+02  3.5894028E-17 -7.8053710E-04 -5.5185884E-18 -1.7547197E-03  0.0000000E+00
  3.6000000E+02  3.2532867E-17 -7.6883427E-04 -7.6425955E-18 -1.7006614E-03  0.0000000E+00
  3.6000000E+02  3.6171331E-17 -7.6370975E-04 -7.5128244E-18 -1.6462606E-03  0.0000000E+00
  3.6000000E+02  4.1015276E-17 -7.6164247E-04 -5.8887323E-18 -1.5916193E-03  0.0000000E+00
  3.6000000E+02  4.3621785E-17 -7.5804291E-04 -3.7766347E-18 -1.5368073E-03  0.0000000E+00
  3.6000000E+02  3.7701108E-17 -7.5036495E-04 -1.9924775E-18 -1.4818677E-03  0.0000000E+00
  3.6000000E+02  2.5487207E-17 -7.3911015E-04 -9.6177343E-19 -1.4268200E-03  0.0000000E+00
  3.6000000E+02  8.3587509E-18 -7.2730299E-04 -7.0120186E-19 -1.3716637E-03  0.0000000E+00
  3.6000000E+02 -8.9633283E-18 -7.1901522E-04 -9.2637190E-19 -1.3163801E-03  0.0000000E+00
  3.6000000E+02 -2.2471862E-17 -7.1751790E-04 -1.2302490E-18 -1.2609350E-03  0.0000000E+00
  3.6000000E+02 -2.9530359E-17 -7.2363926E-04 -1.2767441E-18 -1.2052825E-03  0.0000000E+00
  3.6000000E+02 -2.9212147E-17 -7.3490693E-04 -9.5396656E-19 -1.1493696E-03  0.0000000E+00
  3.6000000E+02 -2.5088129E-17 -7.4605273E-04 -4.3163819E-19 -1.0931433E-03  0.0000000E+00
  3.6000000E+02 -2.0209899E-17 -7.5145852E-04 -6.7171311E-20 -1.0365594E-03  0.0000000E+00
  3.6000000E+02 -1.3710945E-17 -7.5012135E-04 -1.0490808E-19 -9.7959602E-04  0.0000000E+00
  3.6000000E+02  1.3480794E-18 -7.6338382E-04  2.2655416E-18 -9.2232034E-04  0.0000000E+00
  3.6000000E+02  8.4788184E-19 -8.0188349E-04  8.1632800E-18 -8.6494985E-04  0.0000000E+00
  3.6000000E+02 -5.1083055E-18 -8.1079150E-04  5.9600891E-18 -8.0726207E-04  0.0000000E+00
  3.6000000E+02 -7.9122821E-18 -8.0975466E-04  1.7229582E-18 -7.4933570E-04  0.0000000E+00
  3.6000000E+02 -6.8419352E-18 -8.0650216E-04 -1.5067720E-18 -6.9126108E-04  0.0000000E+00
  3.6000000E+02 -4.2480626E-18 -8.0240943E-04 -2.7009985E-18 -6.3313319E-04  0.0000000E+00
  3.6000000E+02 -2.3895786E-18 -7.9635096E-04 -2.0378919E-18 -5.7504513E-04  0.0000000E+00
  3.6000000E+02 -3.2679303E-18 -7.8710316E-04 -2.8225078E-19 -5.1708253E-04  0.0000000E+00
  3.6000000E+02 -6.1728814E-18 -7.7455824E-04  1.6649594E-18 -4.5931896E-04  0.0000000E+00
  3.6000000E+02 -9.6015474E-18 -7.6001009E-04  3.0660104E-18 -4.0181244E-04  0.0000000E+00
  3.6000000E+02 -1.1685434E-17 -7.4577320E-04  3.5128921E-18 -3.4460355E-04  0.0000000E+00
  3.6000000E+02 -1.1239083E-17 -7.3439560E-04  2.9789980E-18 -2.8771507E-04  0.0000000E+00
  3.6000000E+02 -7.1252394E-18 -7.2772680E-04  1.7741491E-18 -2.3115344E-04  0.0000000E+00
  3.6000000E+02 -2.0692596E-18 -7.2610183E-04  4.2108402E-19 -1.7491236E-04  0.0000000E+00
  3.6000000E+02  7.3790622E-19 -7.2790226E-04 -5.2845169E-19 -1.1897856E-04  0.0000000E+00
  3.6000000E+02 -2.1015998E-18 -7.2975524E-04 -7.1988716E-19 -6.3340061E-05  0.0000000E+00
  3.6000000E+02 -1.3580060E-17 -7.2763167E-04 -2.4614821E-19 -7.9971201E-06  0.0000000E+00
  3.6000000E+02 -3.0007936E-17 -7.1910433E-04  9.6011570E-20  4.7023988E-05  0.0000000E+00
  3.6000000E+02 -3.5742213E-17 -7.0702706E-04 -1.4381989E-18  1.0165408E-04  0.0000000E+00
  3.6000000E+02 -7.2977538E-18 -7.1824361E-04  5.6908249E-20  1.5571101E-04  0.0000000E+00
  3.6000000E+02  2.5465098E-19 -7.2070540E-04 -1.0150962E-18  2.0920508E-04  0.0000000E+00
  3.6000000E+02 -1.8979006E-18 -7.0863682E-04 -4.5417488E-18  2.6207186E-04  0.0000000E+00
  3.6000000E+02 -1.2515196E-18 -6.9334173E-04 -6.0599074E-18  3.1421277E-04  0.0000000E+00
  3.6000000E+02  4.6437407E-18 -6.7936465E-04 -4.3521054E-18  3.6557958E-04  0.0000000E+00
  3.6000000E+02 -1.2030673E-16 -2.1323028E-01 -1.4422474E-17  6.5105713E-03  0.0000000E+00
  3.6000000E+02 -7.2836102E-16 -5.1657266E-02  7.1233297E-18  6.2887194E-03  0.0000000E+00
  3.6000000E+02  1.4981996E-15  3.7807889E-02  5.4598772E-18  5.7909546E-03  0.0000000E+00
  3.6000000E+02 -1.8735421E-15  6.4917669E-02  9.8944985E-19  4.8704733E-03  0.0000000E+00
  3.6000000E+02 -6.0947994E-16  5.7948346E-02  1.7040541E-18  3.6352670E-03  0.0000000E+00
  3.6000000E+02  1.1367865E-15  4.3503228E-02  3.1175153E-18  2.2488968E-03  0.0000000E+00
  3.6000000E+02  1.4420410E-15  3.1569671E-02 -9.1809355E-19  8.4691746E-04  0.0000000E+00
  3.6000000E+02 -1.2212859E-16  2.3479274E-02 -8.7595179E-20 -4.7812702E-04  0.0000000E+00
  3.6000000E+02  5.0710177E-16  1.8634903E-02  1.9497682E-18 -1.6690998E-03  0.0000000E+00
  3.6000000E+02  7.0590552E-16  1.5268331E-02 -8.4162112E-18 -2.6952634E-03  0.0000000E+00
  3.6000000E+02 -4.6725768E-17  1.2822869E-02 -1.4866672E-17 -3.5436485E-03  0.0000000E+00
  3.6000000E+02 -1.6643745E-16  1.0471867E-02 -7.9310804E-18 -4.2143908E-03  0.0000000E+00
  3.6000000E+02 -1.7341156E-16  7.8492567E-03  6.8441953E-19 -4.7165327E-03  0.0000000E+00
  3.6000000E+02 -2.8823036E-16  4.9103447E-03  2.8060522E-18 -5.0646970E-03  0.0000000E+00
  3.6000000E+02 -4.3020437E-17  1.7692918E-03 -2.3677454E-19 -5.2766877E-03  0.0000000E+00
  3.6000000E+02  7.4939740E-16 -1.4004537E-03 -2.4431420E-18 -5.3717949E-03  0.0000000E+00
  3.6000000E+02  1.1716937E-15 -4.3928275E-03 -1.0375890E-18 -5.3695698E-03  0.0000000E+00
  3.6000000E+02  3.0585788E-16 -6.9129907E-03  3.0481750E-19 -5.2888369E-03  0.0000000E+00
  3.6000000E+02  5.3735491E-17 -8.8000484E-03 -8.6275404E-19 -5.1473667E-03  0.0000000E+00
  3.6000000E+02  5.3796977E-16 -1.0511654E-02 -4.3448498E-18 -4.9624113E-03  0.0000000E+00
  3.6000000E+02  4.1578047E-16 -1.1280416E-02 -5.1181711E-18 -4.7477282E-03  0.0000000E+00
  3.6000000E+02  3.8102809E-17 -1.1558101E-02 -3.6266810E-18 -4.5176299E-03  0.0000000E+00
  3.6000000E+02 -1.3013278E-16 -1.1488488E-02 -1.6299366E-18 -4.2837977E-03  0.0000000E+00
  3.6000000E+02 -3.0748199E-16 -1.1113817E-02 -4.7637614E-19 -4.0553939E-03  0.0000000E+00
  3.6000000E+02 -2.6718387E-16 -1.0478085E-02 -4.7056184E-19 -3.8392581E-03  0.0000000E+00
  3.6000000E+02 -8.0613046E-17 -9.6554990E-03 -1.0104231E-18 -3.6401607E-03  0.0000000E+00
  3.6000000E+02  1.6182102E-16 -8.7323671E-03 -1.1705452E-18 -3.4610918E-03  0.0000000E+00
  3.6000000E+02  2.6350957E-16 -7.7707202E-03 -4.0754839E-19 -3.3035597E-03  0.0000000E+00
  3.6000000E+02  1.7257263E-16 -6.7819613E-03  9.3639617E-19 -3.1678751E-03  0.0000000E+00
  3.6000000E+02 -1.3945186E-17 -5.7388296E-03  1.6558701E-18 -3.0533981E-03  0.0000000E+00
  3.6000000E+02 -4.4096455E-17 -4.6539735E-03  5.5428479E-19 -2.9587226E-03  0.0000000E+00
  3.6000000E+02  3.8319194E-17 -3.7748718E-03 -1.5186846E-18 -2.8819071E-03  0.0000000E+00
  3.6000000E+02 -5.1467515E-16 -3.0988750E-03  1.0650909E-18 -2.8215021E-03  0.0000000E+00
  3.6000000E+02 -6.4204885E-16 -2.2456781E-03  2.5660683E-18 -2.7742895E-03  0.0000000E+00
  3.6000000E+02 -4.8769177E-16 -1.4742063E-03 -1.3687732E-19 -2.7386581E-03  0.0000000E+00
  3.6000000E+02 -2.2761528E-16 -8.6481509E-04 -4.4300795E-18 -2.7126291E-03  0.0000000E+00
  3.6000000E+02 -1.7877489E-17 -4.0999393E-04 -6.8153619E-18 -2.6941102E-03  0.0000000E+00
  3.6000000E+02  1.0112469E-16 -7.3225170E-05 -5.4295669E-18 -2.6810757E-03  0.0000000E+00
  3.6000000E+02  1.2847565E-16  1.7814358E-04 -7.6501902E-19 -2.6716850E-03  0.0000000E+00
  3.6000000E+02  1.2118707E-16  3.6015395E-04  4.8773890E-18 -2.6643486E-03  0.0000000E+00
  3.6000000E+02  1.5393886E-16  4.7375901E-04  8.6708002E-18 -2.6577532E-03  0.0000000E+00
  3.6000000E+02  2.5410214E-16  5.1475405E-04  8.7489993E-18 -2.6508560E-03  0.0000000E+00
  3.6000000E+02  3.8830984E-16  4.8625668E-04  5.3653344E-18 -2.6428588E-03  0.0000000E+00
  3.6000000E+02  4.3515476E-16  4.0787710E-04  1.1922656E-18 -2.6331725E-03  0.0000000E+00
  3.6000000E+02  3.1699386E-16  3.1571926E-04  2.2985284E-19 -2.6213827E-03  0.0000000E+00
  3.6000000E+02  5.8886347E-18  2.4735379E-04  4.7914969E-18 -2.6072274E-03  0.0000000E+00
  3.6000000E+02 -2.1251380E-16  2.0590341E-04  1.0035245E-17 -2.5905956E-03  0.0000000E+00
  3.6000000E+02  2.6911901E-16  8.8749984E-05 -4.3572949E-19 -2.5715765E-03  0.0000000E+00
  3.6000000E+02  4.7354332E-18 -1.0152050E-04  1.2389879E-18 -2.5502752E-03  0.0000000E+00
  3.6000000E+02 -2.2140183E-17 -1.8214736E-04 -3.7148302E-18 -2.5264367E-03  0.0000000E+00
  3.6000000E+02 -5.6417178E-18 -2.3266449E-04 -6.6751329E-18 -2.5002346E-03  0.0000000E+00
  3.6000000E+02 -2.0510580E-17 -2.8612642E-04 -5.5541935E-18 -2.4718795E-03  0.0000000E+00
  3.6000000E+02 -5.5068361E-17 -3.4932740E-04 -1.5666536E-18 -2.4415883E-03  0.0000000E+00
  3.6000000E+02 -6.6777427E-17 -4.1711509E-04  2.9997186E-18 -2.4095630E-03  0.0000000E+00
  3.6000000E+02 -3.8835722E-17 -4.8167728E-04  6.1634824E-18 -2.3759774E-03  0.0000000E+00
  3.6000000E+02  1.7786058E-17 -5.3767990E-04  6.9321150E-18 -2.3409694E-03  0.0000000E+00
  3.6000000E+02  8.2859389E-17 -5.8413454E-04  5.4406659E-18 -2.3046395E-03  0.0000000E+00
  3.6000000E+02  1.2661148E-16 -6.2387389E-04  2.6993993E-18 -2.2670541E-03  0.0000000E+00
  3.6000000E+02  1.1898977E-16 -6.6151328E-04  1.0335049E-19 -2.2282515E-03  0.0000000E+00
  3.6000000E+02  4.9142500E-17 -7.0077677E-04 -1.1432778E-18 -2.1882515E-03  0.0000000E+00
  3.6000000E+02 -6.7688237E-17 -7.4206591E-04 -5.3495433E-19 -2.1470661E-03  0.0000000E+00
  3.6000000E+02 -1.7486957E-16 -7.8114961E-04  1.4480333E-18 -2.1047101E-03  0.0000000E+00
  3.6000000E+02 -2.1626370E-16 -8.0985333E-04  3.4260464E-18 -2.0612127E-03  0.0000000E+00
  3.6000000E+02 -1.5160147E-16 -8.1962596E-04  3.7331064E-18 -2.0166262E-03  0.0000000E+00
  3.6000000E+02 -6.3950184E-18 -8.0886260E-04  1.7093720E-18 -1.9710331E-03  0.0000000E+00
  3.6000000E+02  2.9696534E-17 -7.9486163E-04 -1.7398957E-19 -1.9245497E-03  0.0000000E+00
  3.6000000E+02 -4.8118938E-17 -8.6658811E-04 -5.1132911E-19 -1.8777205E-03  0.0000000E+00
  3.6000000E+02 -3.5662374E-17 -8.8297550E-04 -8.4605422E-20 -1.8301561E-03  0.0000000E+00
  3.6000000E+02 -1.3356357E-17 -8.7140461E-04 -1.5573809E-20 -1.7819626E-03  0.0000000E+00
  3.6000000E+02 -3.1939646E-18 -8.5666052E-04 -5.2020188E-19 -1.7333006E-03  0.0000000E+00
  3.6000000E+02 -6.0163127E-18 -8.4739241E-04 -1.1941243E-18 -1.6842938E-03  0.0000000E+00
  3.6000000E+02 -2.1955191E-17 -8.4353370E-04 -1.5488794E-18 -1.6350355E-03  0.0000000E+00
  3.6000000E+02 -4.7423944E-17 -8.4153837E-04 -1.3078679E-18 -1.5855947E-03  0.0000000E+00
  3.6000000E+02 -6.7606418E-17 -8.3774971E-04 -5.1017409E-19 -1.5360196E-03  0.0000000E+00
  3.6000000E+02 -8.1609318E-17 -8.3021748E-04  5.2960920E-19 -1.4863406E-03  0.0000000E+00
  3.6000000E+02 -8.2167595E-17 -8.1927965E-04  1.3574132E-18 -1.4365730E-03  0.0000000E+00
  3.6000000E+02 -7.5174348E-17 -8.0722493E-04  1.5634416E-18 -1.3867179E-03  0.0000000E+00
  3.6000000E+02 -5.9972525E-17 -7.9735216E-04  9.6549505E-19 -1.3367644E-03  0.0000000E+00
  3.6000000E+02 -4.0673742E-17 -7.9274268E-04 -2.5626869E-19 -1.2866906E-03  0.0000000E+00
  3.6000000E+02 -2.3404242E-17 -7.9506182E-04 -1.5212794E-18 -1.2364658E-03  0.0000000E+00
  3.6000000E+02 -9.8343809E-18 -8.0370569E-04 -1.9553440E-18 -1.1860528E-03  0.0000000E+00
  3.6000000E+02 -3.1460896E-18 -8.1560934E-04 -6.9042159E-19 -1.1354115E-03  0.0000000E+00
  3.6000000E+02 -1.3925818E-18 -8.2603247E-04  2.5944756E-18 -1.0845038E-03  0.0000000E+00
  3.6000000E+02 -1.7609875E-18 -8.3063873E-04  6.8431156E-18 -1.0332991E-03  0.0000000E+00
  3.6000000E+02 -1.5194728E-18 -8.2918493E-04  8.4544731E-18 -9.8178339E-04  0.0000000E+00
  3.6000000E+02  6.1161998E-19 -8.3354448E-04  3.1875044E-19 -9.2997873E-04  0.0000000E+00
  3.6000000E+02  8.5672568E-18 -8.8056596E-04 -9.2423182E-19 -8.7815644E-04  0.0000000E+00
  3.6000000E+02 -1.3361214E-17 -8.9485754E-04 -1.4622551E-18 -8.2606161E-04  0.0000000E+00
  3.6000000E+02 -2.8136320E-17 -8.9604794E-04 -1.4844424E-18 -7.7374921E-04  0.0000000E+00
  3.6000000E+02 -2.5952925E-17 -8.9336033E-04 -1.2431124E-18 -7.2128361E-04  0.0000000E+00
  3.6000000E+02 -1.1392171E-17 -8.8979611E-04 -9.5992694E-19 -6.6873416E-04  0.0000000E+00
  3.6000000E+02  6.2150669E-18 -8.8521816E-04 -7.7548315E-19 -6.1617114E-04  0.0000000E+00
  3.6000000E+02  1.8113342E-17 -8.7847598E-04 -7.3411961E-19 -5.6366207E-04  0.0000000E+00
  3.6000000E+02  1.9390740E-17 -8.6871570E-04 -7.9570425E-19 -5.1126845E-04  0.0000000E+00
  3.6000000E+02  1.1086662E-17 -8.5601732E-04 -8.6617315E-19 -4.5904315E-04  0.0000000E+00
  3.6000000E+02 -2.6200041E-18 -8.4150203E-04 -8.3858856E-19 -4.0702848E-04  0.0000000E+00
  3.6000000E+02 -1.4414337E-17 -8.2705227E-04 -6.3648475E-19 -3.5525502E-04  0.0000000E+00
  3.6000000E+02 -1.9184013E-17 -8.1478708E-04 -2.5127027E-19 -3.0374139E-04  0.0000000E+00
  3.6000000E+02 -1.0415043E-17 -8.0643555E-04  2.3454479E-19 -2.5249495E-04  0.0000000E+00
  3.6000000E+02  1.0809174E-17 -8.0275089E-04  6.4652803E-19 -2.0151368E-04  0.0000000E+00
  3.6000000E+02  3.9045744E-17 -8.0310796E-04  7.4814186E-19 -1.5078920E-04  0.0000000E+00
