          atime           conv           prod        pres_tr        pres_df        garbage
  3.6000000E+02 -4.4947898E-05 -1.7530732E-19  5.6805987E-16 -1.0661514E-01  4.3582158E-06
  3.6000000E+02  9.3713119E-02 -3.8574781E-02  8.2784963E-02 -2.5828633E-02  1.5927639E-06
  3.6000000E+02  1.4492105E-01 -7.5325683E-02  1.0863630E-01  1.8903944E-02  1.0866275E-05
  3.6000000E+02  9.9023699E-02 -7.0404341E-02  1.0476891E-01  3.2458834E-02  3.2987504E-06
  3.6000000E+02  3.8530649E-02 -5.0907659E-02  9.0858192E-02  2.8974173E-02  4.9326253E-06
  3.6000000E+02 -5.7116968E-03 -3.1318229E-02  7.6572077E-02  2.1751614E-02  2.4652140E-06
  3.6000000E+02 -3.3464395E-02 -1.4435182E-02  6.5101559E-02  1.5784835E-02  6.7882848E-06
  3.6000000E+02 -4.9095432E-02 -1.3374428E-04  5.6600451E-02  1.1739637E-02  1.7387204E-06
  3.6000000E+02 -5.5932690E-02  1.1735874E-02  5.0340029E-02  9.3174517E-03  5.3176418E-05
  3.6000000E+02 -5.6787550E-02  2.1499681E-02  4.5315529E-02  7.6341654E-03  3.3145444E-06
  3.6000000E+02 -5.3803981E-02  2.9361301E-02  4.0883810E-02  6.4114345E-03  6.6230623E-06
  3.6000000E+02 -4.8356375E-02  3.5537513E-02  3.6610545E-02  5.2359337E-03  1.1091380E-05
  3.6000000E+02 -4.1559338E-02  4.0215490E-02  3.2366288E-02  3.9246284E-03  5.7245266E-06
  3.6000000E+02 -3.4257654E-02  4.3557487E-02  2.8162638E-02  2.4551723E-03  2.0599270E-06
  3.6000000E+02 -2.7028672E-02  4.5700370E-02  2.4080719E-02  8.8464591E-04  7.6192144E-06
  3.6000000E+02 -2.0240256E-02  4.6758271E-02  2.0244567E-02 -7.0022687E-04  1.3174301E-05
  3.6000000E+02 -1.4128020E-02  4.6831733E-02  1.6785746E-02 -2.1964138E-03  3.8385964E-06
  3.6000000E+02 -8.8555637E-03  4.6026662E-02  1.3745483E-02 -3.4564954E-03  3.9942607E-06
  3.6000000E+02 -4.5205481E-03  4.4474696E-02  1.1023919E-02 -4.4000242E-03  6.6709334E-05
  3.6000000E+02 -1.0649777E-03  4.2262229E-02  8.8766272E-03 -5.2558271E-03 -2.5441615E-06
  3.6000000E+02  1.5576814E-03  3.9572266E-02  7.0250888E-03 -5.6402082E-03  1.5320405E-06
  3.6000000E+02  3.4110260E-03  3.6584229E-02  5.5738405E-03 -5.7790505E-03  1.2205626E-05
  3.6000000E+02  4.6020587E-03  3.3461853E-02  4.5051714E-03 -5.7442442E-03  1.1953214E-05
  3.6000000E+02  5.2560771E-03  3.0345912E-02  3.7541022E-03 -5.5569085E-03  4.8805678E-06
  3.6000000E+02  5.4988356E-03  2.7349615E-02  3.2510359E-03 -5.2390424E-03 -4.5533150E-07
  3.6000000E+02  5.4449142E-03  2.4556506E-02  2.9400112E-03 -4.8277495E-03  2.7170858E-07
  3.6000000E+02  5.1912276E-03  2.2020692E-02  2.7804917E-03 -4.3661835E-03  5.0650558E-06
  3.6000000E+02  4.8146061E-03  1.9769242E-02  2.7406237E-03 -3.8853601E-03  8.1972474E-06
  3.6000000E+02  4.3723847E-03  1.7806585E-02  2.7898933E-03 -3.3909806E-03  5.5800683E-06
  3.6000000E+02  3.9049301E-03  1.6120735E-02  2.8991173E-03 -2.8694148E-03  1.0067701E-06
  3.6000000E+02  3.4390417E-03  1.4691184E-02  3.0556990E-03 -2.3269868E-03  1.1360485E-05
  3.6000000E+02  2.9907923E-03  1.3495794E-02  3.2727680E-03 -1.8874359E-03  5.3768270E-05
  3.6000000E+02  2.5744484E-03  1.2479922E-02  3.3012150E-03 -1.5494375E-03  4.7730290E-06
  3.6000000E+02  2.2025101E-03  1.1637388E-02  3.3852365E-03 -1.1228390E-03 -2.7616069E-06
  3.6000000E+02  1.8739031E-03  1.0945162E-02  3.4750532E-03 -7.3710317E-04  1.6157232E-06
  3.6000000E+02  1.5875518E-03  1.0380293E-02  3.5436633E-03 -4.3240755E-04  5.1643974E-06
  3.6000000E+02  1.3417752E-03  9.9211431E-03  3.5792078E-03 -2.0499696E-04  4.7994008E-06
  3.6000000E+02  1.1340454E-03  9.5481417E-03  3.5791232E-03 -3.6612585E-05  1.9606880E-06
  3.6000000E+02  9.6102480E-04  9.2441653E-03  3.5458731E-03  8.9071790E-05 -7.7608862E-07
  3.6000000E+02  8.1879775E-04  8.9946094E-03  3.4840489E-03  1.8007698E-04 -1.6278905E-06
  3.6000000E+02  7.0321424E-04  8.7872478E-03  3.3986325E-03  2.3687951E-04 -3.5205069E-07
  3.6000000E+02  6.1026127E-04  8.6119609E-03  3.2942098E-03  2.5737702E-04  1.9061153E-06
  3.6000000E+02  5.3637879E-04  8.4604166E-03  3.1749290E-03  2.4312834E-04  3.3854414E-06
  3.6000000E+02  4.7863646E-04  8.3257909E-03  3.0449921E-03  2.0393855E-04  2.8203774E-06
  3.6000000E+02  4.3468788E-04  8.2026113E-03  2.9094725E-03  1.5785963E-04  6.1138506E-07
  3.6000000E+02  4.0241870E-04  8.0868079E-03  2.7752499E-03  1.2367689E-04 -2.2614213E-07
  3.6000000E+02  3.7920497E-04  7.9760575E-03  2.6518522E-03  1.0295170E-04  6.3851576E-06
  3.6000000E+02  3.6089144E-04  7.8700249E-03  2.5389978E-03  4.4374992E-05  2.3373754E-05
  3.6000000E+02  3.4784249E-04  7.7599943E-03  2.3359454E-03 -5.0760250E-05  3.4796161E-06
  3.6000000E+02  3.3885295E-04  7.6469611E-03  2.1694791E-03 -9.1073678E-05 -1.2163417E-06
  3.6000000E+02  3.3250051E-04  7.5317184E-03  2.0220937E-03 -1.1633224E-04 -2.2693838E-07
  3.6000000E+02  3.2797116E-04  7.4145710E-03  1.8840507E-03 -1.4306321E-04  1.5665809E-06
  3.6000000E+02  3.2476047E-04  7.2955304E-03  1.7509392E-03 -1.7466370E-04  2.2728260E-06
  3.6000000E+02  3.2247749E-04  7.1744623E-03  1.6217122E-03 -2.0855754E-04  1.7222877E-06
  3.6000000E+02  3.2073440E-04  7.0511936E-03  1.4971590E-03 -2.4083864E-04  5.3348190E-07
  3.6000000E+02  3.1910484E-04  6.9255842E-03  1.3787754E-03 -2.6883995E-04 -5.2641446E-07
  3.6000000E+02  3.1713425E-04  6.7975715E-03  1.2679922E-03 -2.9206727E-04 -9.2606285E-07
  3.6000000E+02  3.1438521E-04  6.6671933E-03  1.1657228E-03 -3.1193694E-04 -5.3922466E-07
  3.6000000E+02  3.1050092E-04  6.5345963E-03  1.0721914E-03 -3.3075664E-04  3.6158831E-07
  3.6000000E+02  3.0526999E-04  6.4000370E-03  9.8700257E-04 -3.5038839E-04  1.2474474E-06
  3.6000000E+02  2.9867554E-04  6.2638808E-03  9.0941298E-04 -3.7103296E-04  1.5716981E-06
  3.6000000E+02  2.9091184E-04  6.1266070E-03  8.3876648E-04 -3.9057480E-04  1.0653813E-06
  3.6000000E+02  2.8235157E-04  5.9888251E-03  7.7505346E-04 -4.0492666E-04  4.9758239E-08
  3.6000000E+02  2.7344673E-04  5.8513103E-03  7.1955544E-04 -4.0981298E-04 -2.7368774E-07
  3.6000000E+02  2.6454655E-04  5.7150644E-03  6.7553595E-04 -4.0443130E-04  2.4046002E-06
  3.6000000E+02  2.5561514E-04  5.5814080E-03  6.4893857E-04 -3.9743081E-04  1.1628327E-05
  3.6000000E+02  2.4570639E-04  5.4506158E-03  5.7311817E-04 -4.3329406E-04  3.9683227E-06
  3.6000000E+02  2.3653594E-04  5.3197345E-03  5.0932019E-04 -4.4148775E-04 -3.1453133E-07
  3.6000000E+02  2.2765058E-04  5.1896367E-03  4.5956469E-04 -4.3570230E-04 -6.3692150E-07
  3.6000000E+02  2.1871751E-04  5.0611476E-03  4.1645467E-04 -4.2833026E-04  2.4316971E-07
  3.6000000E+02  2.0965403E-04  4.9348365E-03  3.7643871E-04 -4.2369621E-04  9.7453523E-07
  3.6000000E+02  2.0051835E-04  4.8110372E-03  3.3831153E-04 -4.2176685E-04  1.1129431E-06
  3.6000000E+02  1.9142986E-04  4.6898789E-03  3.0209356E-04 -4.2076918E-04  7.3082943E-07
  3.6000000E+02  1.8251513E-04  4.5713236E-03  2.6824298E-04 -4.1887486E-04  1.2594678E-07
  3.6000000E+02  1.7387537E-04  4.4552099E-03  2.3715370E-04 -4.1510874E-04 -3.8156711E-07
  3.6000000E+02  1.6557158E-04  4.3412989E-03  2.0889244E-04 -4.0963982E-04 -5.7423852E-07
  3.6000000E+02  1.5762328E-04  4.2293197E-03  1.8312855E-04 -4.0361246E-04 -3.9496068E-07
  3.6000000E+02  1.5001681E-04  4.1190140E-03  1.5920972E-04 -3.9867608E-04  5.2112433E-08
  3.6000000E+02  1.4271933E-04  4.0101741E-03  1.3633708E-04 -3.9637134E-04  5.4694493E-07
  3.6000000E+02  1.3569441E-04  3.9026751E-03  1.1379310E-04 -3.9753091E-04  8.3473359E-07
  3.6000000E+02  1.2891526E-04  3.7964959E-03  9.1175541E-05 -4.0185284E-04  7.3222156E-07
  3.6000000E+02  1.2237164E-04  3.6917292E-03  6.8590954E-05 -4.0780467E-04  2.4867432E-07
  3.6000000E+02  1.1606639E-04  3.5885754E-03  4.6761051E-05 -4.1301623E-04 -2.8901855E-07
  3.6000000E+02  1.0999767E-04  3.4873200E-03  2.6995340E-05 -4.1531937E-04 -1.1765292E-07
  3.6000000E+02  1.0412282E-04  3.3882908E-03  1.0983403E-05 -4.1459246E-04  2.0640327E-06
  3.6000000E+02  9.8315053E-05  3.2918162E-03 -1.1257038E-06 -4.1677224E-04  7.4949871E-06
  3.6000000E+02  9.3001128E-05  3.1976207E-03 -4.1776354E-05 -4.4028298E-04  1.4575291E-06
  3.6000000E+02  8.8046145E-05  3.1045226E-03 -7.2339924E-05 -4.4742877E-04 -4.1245343E-07
  3.6000000E+02  8.3486967E-05  3.0128221E-03 -9.6101829E-05 -4.4802397E-04 -4.2172499E-07
  3.6000000E+02  7.9326574E-05  2.9225818E-03 -1.1506990E-04 -4.4668016E-04  1.0269420E-07
  3.6000000E+02  7.5541514E-05  2.8337109E-03 -1.3045005E-04 -4.4489806E-04  5.1368323E-07
  3.6000000E+02  7.2089165E-05  2.7460345E-03 -1.4299698E-04 -4.4260908E-04  6.0267256E-07
  3.6000000E+02  6.8914682E-05  2.6593465E-03 -1.5325606E-04 -4.3923799E-04  4.1147521E-07
  3.6000000E+02  6.5957505E-05  2.5734494E-03 -1.6171249E-04 -4.3435785E-04  9.1979590E-08
  3.6000000E+02  6.3157287E-05  2.4881818E-03 -1.6886384E-04 -4.2800866E-04 -1.9161366E-07
  3.6000000E+02  6.0459122E-05  2.4034349E-03 -1.7523208E-04 -4.2075102E-04 -3.2332841E-07
  3.6000000E+02  5.7817948E-05  2.3191608E-03 -1.8133127E-04 -4.1352614E-04 -2.6404087E-07
  3.6000000E+02  5.5201970E-05  2.2353717E-03 -1.8760691E-04 -4.0739354E-04 -5.3516275E-08
  3.6000000E+02  5.2595010E-05  2.1521344E-03 -1.9436323E-04 -4.0321777E-04  2.0882819E-07
  3.6000000E+02  4.9997624E-05  2.0695588E-03 -2.0169427E-04 -4.0137544E-04  3.9911647E-07
  3.6000000E+02  4.7426872E-05  1.9877841E-03 -2.0943522E-04 -4.0155398E-04  4.1484520E-07
  3.6000000E+02 -4.0667146E-05  0.0000000E+00  0.0000000E+00 -9.6461318E-02  4.3582158E-06
  3.6000000E+02  9.5032442E-02 -4.0088440E-02  8.7701167E-02 -1.7746080E-02  1.8840572E-06
  3.6000000E+02  1.2682726E-01 -6.9670277E-02  1.0947686E-01  2.1929895E-02  8.5212215E-06
  3.6000000E+02  7.1383051E-02 -5.8567313E-02  1.0080707E-01  2.9266979E-02  4.5694716E-06
  3.6000000E+02  1.5831239E-02 -3.8295415E-02  8.4567829E-02  2.3473755E-02  3.4893002E-06
  3.6000000E+02 -2.0013379E-02 -1.9947498E-02  7.0103985E-02  1.6587934E-02  4.3080019E-06
  3.6000000E+02 -4.0376453E-02 -4.5813032E-03  5.9401188E-02  1.1791306E-02  5.5405284E-06
  3.6000000E+02 -4.9402761E-02  8.0152741E-03  5.1795130E-02  8.8061691E-03  1.7166403E-05
  3.6000000E+02 -5.1522584E-02  1.8213894E-02  4.6031101E-02  7.1023646E-03  6.0197783E-06
  3.6000000E+02 -4.8867745E-02  2.6262286E-02  4.1089338E-02  5.8504083E-03  6.1842289E-06
  3.6000000E+02 -4.3417953E-02  3.2434945E-02  3.6363070E-02  4.6723011E-03  1.0983751E-05
  3.6000000E+02 -3.6532377E-02  3.6960694E-02  3.1672516E-02  3.3417862E-03  4.6445312E-06
  3.6000000E+02 -2.9206909E-02  4.0034565E-02  2.7044614E-02  1.8439057E-03  2.7186963E-06
  3.6000000E+02 -2.2087125E-02  4.1817606E-02  2.2603279E-02  2.5863609E-04  1.0674175E-05
  3.6000000E+02 -1.5563334E-02  4.2442767E-02  1.8525662E-02 -1.3020481E-03  1.0747091E-05
  3.6000000E+02 -9.8813353E-03  4.2032995E-02  1.4955881E-02 -2.6945952E-03 -2.7008057E-06
  3.6000000E+02 -5.2024943E-03  4.0737672E-02  1.1767628E-02 -3.6726933E-03  8.0922825E-05
  3.6000000E+02 -1.5307876E-03  3.8679799E-02  9.2912807E-03 -4.6443905E-03  2.0675793E-06
  3.6000000E+02  1.2146125E-03  3.6049358E-02  7.1846131E-03 -5.0812857E-03  2.8374197E-07
  3.6000000E+02  3.1005144E-03  3.3070514E-02  5.5606223E-03 -5.2291037E-03  1.2264141E-05
  3.6000000E+02  4.2554093E-03  2.9944355E-02  4.4028105E-03 -5.1842678E-03  1.1309900E-05
  3.6000000E+02  4.8326005E-03  2.6840954E-02  3.6231147E-03 -4.9729994E-03  3.2932602E-06
  3.6000000E+02  4.9840790E-03  2.3892714E-02  3.1300891E-03 -4.6253902E-03 -9.0795321E-07
  3.6000000E+02  4.8444627E-03  2.1191824E-02  2.8541663E-03 -4.1902812E-03  2.1536765E-06
  3.6000000E+02  4.5230458E-03  1.8791505E-02  2.7460348E-03 -3.7168290E-03  7.3347902E-06
  3.6000000E+02  4.1020092E-03  1.6710757E-02  2.7641744E-03 -3.2286381E-03  7.1626032E-06
  3.6000000E+02  3.6388374E-03  1.4942292E-02  2.8675881E-03 -2.7163397E-03  1.6640614E-06
  3.6000000E+02  3.1709934E-03  1.3463338E-02  3.0297702E-03 -2.1744959E-03  7.9088947E-06
  3.6000000E+02  2.7206977E-03  1.2247794E-02  3.2737305E-03 -1.7146996E-03  5.7003228E-05
  3.6000000E+02  2.3048432E-03  1.1234136E-02  3.3059366E-03 -1.3759427E-03  3.3844781E-06
  3.6000000E+02  1.9380341E-03  1.0410506E-02  3.4015085E-03 -9.5050749E-04 -2.3255940E-06
  3.6000000E+02  1.6189793E-03  9.7486958E-03  3.4971679E-03 -5.8188459E-04  2.9554990E-06
  3.6000000E+02  1.3462241E-03  9.2209190E-03  3.5616054E-03 -3.0428700E-04  5.4653072E-06
  3.6000000E+02  1.1173762E-03  8.8014882E-03  3.5835433E-03 -1.0489915E-04  3.5492667E-06
  3.6000000E+02  9.2889034E-04  8.4677504E-03  3.5629589E-03  3.8857385E-05  1.6665101E-07
  3.6000000E+02  7.7626211E-04  8.2004411E-03  3.5050472E-03  1.4168199E-04 -1.6173439E-06
  3.6000000E+02  6.5447513E-04  7.9836095E-03  3.4165003E-03  2.0701715E-04 -7.2037429E-07
  3.6000000E+02  5.5855073E-04  7.8042719E-03  3.3036820E-03  2.3257522E-04  1.7204210E-06
  3.6000000E+02  4.8404645E-04  7.6519458E-03  3.1722737E-03  2.1940999E-04  3.3969412E-06
  3.6000000E+02  4.2735086E-04  7.5182220E-03  3.0279709E-03  1.7917359E-04  2.5968001E-06
  3.6000000E+02  3.8562166E-04  7.3965286E-03  2.8778076E-03  1.3419896E-04  1.2116433E-07
  3.6000000E+02  3.5621454E-04  7.2822410E-03  2.7316859E-03  1.0504840E-04  7.8675872E-07
  3.6000000E+02  3.3544969E-04  7.1732953E-03  2.6036890E-03  8.0168510E-05  1.3945045E-05
  3.6000000E+02  3.1946395E-04  7.0661197E-03  2.4213360E-03 -1.6560868E-05  9.7586489E-06
  3.6000000E+02  3.0905895E-04  6.9541012E-03  2.2238812E-03 -7.2665478E-05 -6.0832511E-07
  3.6000000E+02  3.0203133E-04  6.8393985E-03  2.0560777E-03 -9.9997024E-05 -6.5808336E-07
  3.6000000E+02  2.9720115E-04  6.7225380E-03  1.9019733E-03 -1.2597525E-04  1.3729312E-06
  3.6000000E+02  2.9389544E-04  6.6035902E-03  1.7544112E-03 -1.5723028E-04  2.2719795E-06
  3.6000000E+02  2.9162716E-04  6.4824034E-03  1.6116386E-03 -1.9110890E-04  1.6407977E-06
  3.6000000E+02  2.8991958E-04  6.3587683E-03  1.4747236E-03 -2.2292635E-04  3.0690582E-07
  3.6000000E+02  2.8824522E-04  6.2325249E-03  1.3457000E-03 -2.4976710E-04 -7.2467439E-07
  3.6000000E+02  2.8604856E-04  6.1036247E-03  1.2263621E-03 -2.7163792E-04 -8.5941919E-07
  3.6000000E+02  2.8282136E-04  5.9721595E-03  1.1176300E-03 -2.9077679E-04 -1.2114792E-07
  3.6000000E+02  2.7820006E-04  5.8383692E-03  1.0194073E-03 -3.0992094E-04  9.4015939E-07
  3.6000000E+02  2.7205406E-04  5.7026418E-03  9.3085118E-04 -3.3033746E-04  1.5604443E-06
  3.6000000E+02  2.6453418E-04  5.5655152E-03  8.5097680E-04 -3.5042000E-04  1.2134251E-06
  3.6000000E+02  2.5605031E-04  5.4276962E-03  7.7951695E-04 -3.6565472E-04  1.2209675E-07
  3.6000000E+02  2.4714743E-04  5.2901062E-03  7.1795787E-04 -3.7075921E-04 -2.5025099E-07
  3.6000000E+02  2.3824905E-04  5.1539669E-03  6.7067250E-04 -3.6479757E-04  3.1903750E-06
  3.6000000E+02  2.2913824E-04  5.0209835E-03  6.3848258E-04 -3.6456071E-04  1.2666817E-05
  3.6000000E+02  2.1934719E-04  4.8901338E-03  5.4856685E-04 -3.9718489E-04  1.7740640E-06
  3.6000000E+02  2.1034344E-04  4.7593948E-03  4.8549374E-04 -3.9773663E-04 -7.4703057E-07
  3.6000000E+02  2.0145066E-04  4.6299686E-03  4.3486476E-04 -3.9026855E-04 -1.7885665E-07
  3.6000000E+02  1.9243200E-04  4.5027042E-03  3.8954244E-04 -3.8441713E-04  7.8862863E-07
  3.6000000E+02  1.8330242E-04  4.3781182E-03  3.4683049E-04 -3.8185488E-04  1.1351512E-06
  3.6000000E+02  1.7419288E-04  4.2564359E-03  3.0638457E-04 -3.8082123E-04  7.9604519E-07
  3.6000000E+02  1.6525902E-04  4.1376443E-03  2.6875942E-04 -3.7902146E-04  1.3554685E-07
  3.6000000E+02  1.5662708E-04  4.0215561E-03  2.3449807E-04 -3.7518248E-04 -4.1384892E-07
  3.6000000E+02  1.4836975E-04  3.9078779E-03  2.0366890E-04 -3.6955508E-04 -5.6727473E-07
  3.6000000E+02  1.4050458E-04  3.7962792E-03  1.7575619E-04 -3.6365149E-04 -2.7992566E-07
  3.6000000E+02  1.3300779E-04  3.6864561E-03  1.4981003E-04 -3.5950761E-04  2.6265151E-07
  3.6000000E+02  1.2583604E-04  3.5781878E-03  1.2476115E-04 -3.5875895E-04  7.3510874E-07
  3.6000000E+02  1.1894891E-04  3.4713779E-03  9.9806560E-05 -3.6181963E-04  8.2238132E-07
  3.6000000E+02  1.1232482E-04  3.3660792E-03  7.4771607E-05 -3.6745346E-04  4.0800073E-07
  3.6000000E+02  1.0596300E-04  3.2624952E-03  5.0354280E-05 -3.7302637E-04 -2.2066999E-07
  3.6000000E+02  9.9864371E-05  3.1609542E-03  2.8157409E-05 -3.7572926E-04 -1.7158413E-07
  3.6000000E+02  9.3983786E-05  3.0618527E-03  1.0414542E-05 -3.7506067E-04  2.2271519E-06
  3.6000000E+02  8.8221246E-05  2.9656399E-03 -7.9605373E-06 -3.8169191E-04  6.2130190E-06
  3.6000000E+02  8.2972637E-05  2.8715839E-03 -5.0336623E-05 -4.0094175E-04  6.9930267E-07
  3.6000000E+02  7.8134709E-05  2.7788508E-03 -8.1545768E-05 -4.0539575E-04 -5.4314366E-07
  3.6000000E+02  7.3739121E-05  2.6877098E-03 -1.0544253E-04 -4.0487733E-04 -1.9181053E-07
  3.6000000E+02  6.9775330E-05  2.5981511E-03 -1.2424248E-04 -4.0325108E-04  3.7240064E-07
  3.6000000E+02  6.6201636E-05  2.5100032E-03 -1.3922150E-04 -4.0120472E-04  6.0994049E-07
  3.6000000E+02  6.2955820E-05  2.4230232E-03 -1.5120028E-04 -3.9817548E-04  4.6981168E-07
  3.6000000E+02  5.9965135E-05  2.3369637E-03 -1.6084670E-04 -3.9355158E-04  1.2845343E-07
  3.6000000E+02  5.7155428E-05  2.2516190E-03 -1.6882853E-04 -3.8727912E-04 -1.9044186E-07
  3.6000000E+02  5.4459132E-05  2.1668521E-03 -1.7584923E-04 -3.8000505E-04 -3.2593218E-07
  3.6000000E+02  5.1821916E-05  2.0826079E-03 -1.8259921E-04 -3.7288660E-04 -2.3040223E-07
  3.6000000E+02  4.9207736E-05  1.9989121E-03 -1.8965528E-04 -3.6719780E-04  2.8535199E-08
  3.6000000E+02  4.6602068E-05  1.9158611E-03 -1.9736086E-04 -3.6386340E-04  3.0406024E-07
  3.6000000E+02  4.4013061E-05  1.8336041E-03 -2.0571940E-04 -3.6305092E-04  4.3333707E-07
  3.6000000E+02  4.1470406E-05  1.7523210E-03 -2.1433379E-04 -3.6395113E-04  3.1712256E-07
  3.6000000E+02  3.9021651E-05  1.6721986E-03 -2.2242416E-04 -3.6487762E-04  5.0402328E-09
  3.6000000E+02  3.6725747E-05  1.5934073E-03 -2.2895679E-04 -3.6381584E-04 -2.2423313E-07
  3.6000000E+02  3.4643580E-05  1.5160817E-03 -2.3291657E-04 -3.5955216E-04  2.0137954E-07
  3.6000000E+02  3.2825253E-05  1.4403082E-03 -2.3375572E-04 -3.5351353E-04  2.1851105E-06
  3.6000000E+02  3.0952921E-05  1.3654414E-03 -2.4251061E-04 -3.5912180E-04  1.7135111E-06
  3.6000000E+02  2.9118808E-05  1.2918705E-03 -2.5267011E-04 -3.6035270E-04 -3.4242966E-08
  3.6000000E+02  2.7547242E-05  1.2201590E-03 -2.5759129E-04 -3.5431841E-04 -2.5601748E-07
  3.6000000E+02  2.6163592E-05  1.1502138E-03 -2.6007897E-04 -3.4667086E-04  3.9696569E-09
  3.6000000E+02  2.4904676E-05  1.0819605E-03 -2.6166437E-04 -3.3968233E-04  2.4031571E-07
  3.6000000E+02 -4.4947898E-05 -1.7530732E-19  5.6805987E-16 -1.0661514E-01  4.3582158E-06
  3.6000000E+02  9.3713119E-02 -3.8574781E-02  8.2784963E-02 -2.5828633E-02  1.5927639E-06
  3.6000000E+02  1.4492105E-01 -7.5325683E-02  1.0863630E-01  1.8903944E-02  1.0866275E-05
  3.6000000E+02  9.9023699E-02 -7.0404341E-02  1.0476891E-01  3.2458834E-02  3.2987504E-06
  3.6000000E+02  3.8530649E-02 -5.0907659E-02  9.0858192E-02  2.8974173E-02  4.9326253E-06
  3.6000000E+02 -5.7116968E-03 -3.1318229E-02  7.6572077E-02  2.1751614E-02  2.4652140E-06
  3.6000000E+02 -3.3464395E-02 -1.4435182E-02  6.5101559E-02  1.5784835E-02  6.7882848E-06
  3.6000000E+02 -4.9095432E-02 -1.3374428E-04  5.6600451E-02  1.1739637E-02  1.7387204E-06
  3.6000000E+02 -5.5932690E-02  1.1735874E-02  5.0340029E-02  9.3174517E-03  5.3176418E-05
  3.6000000E+02 -5.6787550E-02  2.1499681E-02  4.5315529E-02  7.6341654E-03  3.3145444E-06
  3.6000000E+02 -5.3803981E-02  2.9361301E-02  4.0883810E-02  6.4114345E-03  6.6230623E-06
  3.6000000E+02 -4.8356375E-02  3.5537513E-02  3.6610545E-02  5.2359337E-03  1.1091380E-05
  3.6000000E+02 -4.1559338E-02  4.0215490E-02  3.2366288E-02  3.9246284E-03  5.7245266E-06
  3.6000000E+02 -3.4257654E-02  4.3557487E-02  2.8162638E-02  2.4551723E-03  2.0599270E-06
  3.6000000E+02 -2.7028672E-02  4.5700370E-02  2.4080719E-02  8.8464591E-04  7.6192144E-06
  3.6000000E+02 -2.0240256E-02  4.6758271E-02  2.0244567E-02 -7.0022687E-04  1.3174301E-05
  3.6000000E+02 -1.4128020E-02  4.6831733E-02  1.6785746E-02 -2.1964138E-03  3.8385964E-06
  3.6000000E+02 -8.8555637E-03  4.6026662E-02  1.3745483E-02 -3.4564954E-03  3.9942607E-06
  3.6000000E+02 -4.5205481E-03  4.4474696E-02  1.1023919E-02 -4.4000242E-03  6.6709334E-05
  3.6000000E+02 -1.0649777E-03  4.2262229E-02  8.8766272E-03 -5.2558271E-03 -2.5441615E-06
  3.6000000E+02  1.5576814E-03  3.9572266E-02  7.0250888E-03 -5.6402082E-03  1.5320405E-06
  3.6000000E+02  3.4110260E-03  3.6584229E-02  5.5738405E-03 -5.7790505E-03  1.2205626E-05
  3.6000000E+02  4.6020587E-03  3.3461853E-02  4.5051714E-03 -5.7442442E-03  1.1953214E-05
  3.6000000E+02  5.2560771E-03  3.0345912E-02  3.7541022E-03 -5.5569085E-03  4.8805678E-06
  3.6000000E+02  5.4988356E-03  2.7349615E-02  3.2510359E-03 -5.2390424E-03 -4.5533150E-07
  3.6000000E+02  5.4449142E-03  2.4556506E-02  2.9400112E-03 -4.8277495E-03  2.7170858E-07
  3.6000000E+02  5.1912276E-03  2.2020692E-02  2.7804917E-03 -4.3661835E-03  5.0650558E-06
  3.6000000E+02  4.8146061E-03  1.9769242E-02  2.7406237E-03 -3.8853601E-03  8.1972474E-06
  3.6000000E+02  4.3723847E-03  1.7806585E-02  2.7898933E-03 -3.3909806E-03  5.5800683E-06
  3.6000000E+02  3.9049301E-03  1.6120735E-02  2.8991173E-03 -2.8694148E-03  1.0067701E-06
  3.6000000E+02  3.4390417E-03  1.4691184E-02  3.0556990E-03 -2.3269868E-03  1.1360485E-05
  3.6000000E+02  2.9907923E-03  1.3495794E-02  3.2727680E-03 -1.8874359E-03  5.3768270E-05
  3.6000000E+02  2.5744484E-03  1.2479922E-02  3.3012150E-03 -1.5494375E-03  4.7730290E-06
  3.6000000E+02  2.2025101E-03  1.1637388E-02  3.3852365E-03 -1.1228390E-03 -2.7616069E-06
  3.6000000E+02  1.8739031E-03  1.0945162E-02  3.4750532E-03 -7.3710317E-04  1.6157232E-06
  3.6000000E+02  1.5875518E-03  1.0380293E-02  3.5436633E-03 -4.3240755E-04  5.1643974E-06
  3.6000000E+02  1.3417752E-03  9.9211431E-03  3.5792078E-03 -2.0499696E-04  4.7994008E-06
  3.6000000E+02  1.1340454E-03  9.5481417E-03  3.5791232E-03 -3.6612585E-05  1.9606880E-06
  3.6000000E+02  9.6102480E-04  9.2441653E-03  3.5458731E-03  8.9071790E-05 -7.7608862E-07
  3.6000000E+02  8.1879775E-04  8.9946094E-03  3.4840489E-03  1.8007698E-04 -1.6278905E-06
  3.6000000E+02  7.0321424E-04  8.7872478E-03  3.3986325E-03  2.3687951E-04 -3.5205069E-07
  3.6000000E+02  6.1026127E-04  8.6119609E-03  3.2942098E-03  2.5737702E-04  1.9061153E-06
  3.6000000E+02  5.3637879E-04  8.4604166E-03  3.1749290E-03  2.4312834E-04  3.3854414E-06
  3.6000000E+02  4.7863646E-04  8.3257909E-03  3.0449921E-03  2.0393855E-04  2.8203774E-06
  3.6000000E+02  4.3468788E-04  8.2026113E-03  2.9094725E-03  1.5785963E-04  6.1138506E-07
  3.6000000E+02  4.0241870E-04  8.0868079E-03  2.7752499E-03  1.2367689E-04 -2.2614213E-07
  3.6000000E+02  3.7920497E-04  7.9760575E-03  2.6518522E-03  1.0295170E-04  6.3851576E-06
  3.6000000E+02  3.6089144E-04  7.8700249E-03  2.5389978E-03  4.4374992E-05  2.3373754E-05
  3.6000000E+02  3.4784249E-04  7.7599943E-03  2.3359454E-03 -5.0760250E-05  3.4796161E-06
  3.6000000E+02  3.3885295E-04  7.6469611E-03  2.1694791E-03 -9.1073678E-05 -1.2163417E-06
  3.6000000E+02  3.3250051E-04  7.5317184E-03  2.0220937E-03 -1.1633224E-04 -2.2693838E-07
  3.6000000E+02  3.2797116E-04  7.4145710E-03  1.8840507E-03 -1.4306321E-04  1.5665809E-06
  3.6000000E+02  3.2476047E-04  7.2955304E-03  1.7509392E-03 -1.7466370E-04  2.2728260E-06
  3.6000000E+02  3.2247749E-04  7.1744623E-03  1.6217122E-03 -2.0855754E-04  1.7222877E-06
  3.6000000E+02  3.2073440E-04  7.0511936E-03  1.4971590E-03 -2.4083864E-04  5.3348190E-07
  3.6000000E+02  3.1910484E-04  6.9255842E-03  1.3787754E-03 -2.6883995E-04 -5.2641446E-07
  3.6000000E+02  3.1713425E-04  6.7975715E-03  1.2679922E-03 -2.9206727E-04 -9.2606285E-07
  3.6000000E+02  3.1438521E-04  6.6671933E-03  1.1657228E-03 -3.1193694E-04 -5.3922466E-07
  3.6000000E+02  3.1050092E-04  6.5345963E-03  1.0721914E-03 -3.3075664E-04  3.6158831E-07
  3.6000000E+02  3.0526999E-04  6.4000370E-03  9.8700257E-04 -3.5038839E-04  1.2474474E-06
  3.6000000E+02  2.9867554E-04  6.2638808E-03  9.0941298E-04 -3.7103296E-04  1.5716981E-06
  3.6000000E+02  2.9091184E-04  6.1266070E-03  8.3876648E-04 -3.9057480E-04  1.0653813E-06
  3.6000000E+02  2.8235157E-04  5.9888251E-03  7.7505346E-04 -4.0492666E-04  4.9758239E-08
  3.6000000E+02  2.7344673E-04  5.8513103E-03  7.1955544E-04 -4.0981298E-04 -2.7368774E-07
  3.6000000E+02  2.6454655E-04  5.7150644E-03  6.7553595E-04 -4.0443130E-04  2.4046002E-06
  3.6000000E+02  2.5561514E-04  5.5814080E-03  6.4893857E-04 -3.9743081E-04  1.1628327E-05
  3.6000000E+02  2.4570639E-04  5.4506158E-03  5.7311817E-04 -4.3329406E-04  3.9683227E-06
  3.6000000E+02  2.3653594E-04  5.3197345E-03  5.0932019E-04 -4.4148775E-04 -3.1453133E-07
  3.6000000E+02  2.2765058E-04  5.1896367E-03  4.5956469E-04 -4.3570230E-04 -6.3692150E-07
  3.6000000E+02  2.1871751E-04  5.0611476E-03  4.1645467E-04 -4.2833026E-04  2.4316971E-07
  3.6000000E+02  2.0965403E-04  4.9348365E-03  3.7643871E-04 -4.2369621E-04  9.7453523E-07
  3.6000000E+02  2.0051835E-04  4.8110372E-03  3.3831153E-04 -4.2176685E-04  1.1129431E-06
  3.6000000E+02  1.9142986E-04  4.6898789E-03  3.0209356E-04 -4.2076918E-04  7.3082943E-07
  3.6000000E+02  1.8251513E-04  4.5713236E-03  2.6824298E-04 -4.1887486E-04  1.2594678E-07
  3.6000000E+02  1.7387537E-04  4.4552099E-03  2.3715370E-04 -4.1510874E-04 -3.8156711E-07
  3.6000000E+02  1.6557158E-04  4.3412989E-03  2.0889244E-04 -4.0963982E-04 -5.7423852E-07
  3.6000000E+02  1.5762328E-04  4.2293197E-03  1.8312855E-04 -4.0361246E-04 -3.9496068E-07
  3.6000000E+02  1.5001681E-04  4.1190140E-03  1.5920972E-04 -3.9867608E-04  5.2112433E-08
  3.6000000E+02  1.4271933E-04  4.0101741E-03  1.3633708E-04 -3.9637134E-04  5.4694493E-07
  3.6000000E+02  1.3569441E-04  3.9026751E-03  1.1379310E-04 -3.9753091E-04  8.3473359E-07
  3.6000000E+02  1.2891526E-04  3.7964959E-03  9.1175541E-05 -4.0185284E-04  7.3222156E-07
  3.6000000E+02  1.2237164E-04  3.6917292E-03  6.8590954E-05 -4.0780467E-04  2.4867432E-07
  3.6000000E+02  1.1606639E-04  3.5885754E-03  4.6761051E-05 -4.1301623E-04 -2.8901855E-07
  3.6000000E+02  1.0999767E-04  3.4873200E-03  2.6995340E-05 -4.1531937E-04 -1.1765292E-07
  3.6000000E+02  1.0412282E-04  3.3882908E-03  1.0983403E-05 -4.1459246E-04  2.0640327E-06
  3.6000000E+02  9.8315053E-05  3.2918162E-03 -1.1257038E-06 -4.1677224E-04  7.4949871E-06
  3.6000000E+02  9.3001128E-05  3.1976207E-03 -4.1776354E-05 -4.4028298E-04  1.4575291E-06
  3.6000000E+02  8.8046145E-05  3.1045226E-03 -7.2339924E-05 -4.4742877E-04 -4.1245343E-07
  3.6000000E+02  8.3486967E-05  3.0128221E-03 -9.6101829E-05 -4.4802397E-04 -4.2172499E-07
  3.6000000E+02  7.9326574E-05  2.9225818E-03 -1.1506990E-04 -4.4668016E-04  1.0269420E-07
  3.6000000E+02  7.5541514E-05  2.8337109E-03 -1.3045005E-04 -4.4489806E-04  5.1368323E-07
  3.6000000E+02  7.2089165E-05  2.7460345E-03 -1.4299698E-04 -4.4260908E-04  6.0267256E-07
  3.6000000E+02  6.8914682E-05  2.6593465E-03 -1.5325606E-04 -4.3923799E-04  4.1147521E-07
  3.6000000E+02  6.5957505E-05  2.5734494E-03 -1.6171249E-04 -4.3435785E-04  9.1979590E-08
  3.6000000E+02  6.3157287E-05  2.4881818E-03 -1.6886384E-04 -4.2800866E-04 -1.9161366E-07
  3.6000000E+02  6.0459122E-05  2.4034349E-03 -1.7523208E-04 -4.2075102E-04 -3.2332841E-07
  3.6000000E+02  5.7817948E-05  2.3191608E-03 -1.8133127E-04 -4.1352614E-04 -2.6404087E-07
  3.6000000E+02  5.5201970E-05  2.2353717E-03 -1.8760691E-04 -4.0739354E-04 -5.3516275E-08
  3.6000000E+02  5.2595010E-05  2.1521344E-03 -1.9436323E-04 -4.0321777E-04  2.0882819E-07
  3.6000000E+02  4.9997624E-05  2.0695588E-03 -2.0169427E-04 -4.0137544E-04  3.9911647E-07
  3.6000000E+02  4.7426872E-05  1.9877841E-03 -2.0943522E-04 -4.0155398E-04  4.1484520E-07
