          atime        pres_st        turb_df           diss        visc_df        garbage
  3.6000000E+02  4.3582158E-06  1.0218671E-04 -3.6591676E-01  3.7659068E-01 -1.7530732E-19
  3.6000000E+02  1.5927639E-06 -1.1814227E-01 -1.8217838E-01  8.1341375E-02 -3.8574781E-02
  3.6000000E+02  1.0866275E-05 -1.1014759E-01 -8.7251616E-02 -5.7942218E-02 -7.5325683E-02
  3.6000000E+02  3.2987504E-06 -1.6936367E-02 -5.3798072E-02 -6.6085124E-02 -7.0404341E-02
  3.6000000E+02  4.9326253E-06  3.0747325E-02 -4.3723385E-02 -4.5515568E-02 -5.0907659E-02
  3.6000000E+02  2.4652140E-06  3.9200574E-02 -4.0705373E-02 -2.9009435E-02 -3.1318229E-02
  3.6000000E+02  6.7882848E-06  3.1154291E-02 -4.0048620E-02 -1.9221907E-02 -1.4435182E-02
  3.6000000E+02  1.7387204E-06  1.8381942E-02 -4.0288318E-02 -1.2813332E-02 -1.3374428E-04
  3.6000000E+02  5.3176418E-05  5.0403497E-03 -4.0817699E-02 -9.2853622E-03  1.1735874E-02
  3.6000000E+02  3.3145444E-06 -6.5404013E-03 -4.1524609E-02 -6.2681854E-03  2.1499681E-02
  3.6000000E+02  6.6230623E-06 -1.4952824E-02 -4.1670566E-02 -4.6270170E-03  2.9361301E-02
  3.6000000E+02  1.1091380E-05 -2.0274349E-02 -4.1615945E-02 -3.4026130E-03  3.5537513E-02
  3.6000000E+02  5.7245266E-06 -2.2832495E-02 -4.1408370E-02 -2.4094172E-03  4.0215490E-02
  3.6000000E+02  2.0599270E-06 -2.3044547E-02 -4.1044028E-02 -1.6742665E-03  4.3557487E-02
  3.6000000E+02  7.6192144E-06 -2.1412611E-02 -4.0537451E-02 -1.1568539E-03  4.5700370E-02
  3.6000000E+02  1.3174301E-05 -1.8495080E-02 -3.9887177E-02 -7.3001952E-04  4.6758271E-02
  3.6000000E+02  3.8385964E-06 -1.4824127E-02 -3.9044696E-02 -2.8253214E-04  4.6831733E-02
  3.6000000E+02  3.9942607E-06 -1.0738833E-02 -3.7994046E-02  1.9297292E-04  4.6026662E-02
  3.6000000E+02  6.6709334E-05 -6.3319816E-03 -3.6864311E-02  5.2245856E-04  4.4474696E-02
  3.6000000E+02 -2.5441615E-06 -2.3538926E-03 -3.4948174E-02  6.4184208E-04  4.2262229E-02
  3.6000000E+02  1.5320405E-06  1.4177643E-03 -3.2864524E-02  9.3239892E-04  3.9572266E-02
  3.6000000E+02  1.2205626E-05  4.7234597E-03 -3.0856865E-02  1.1791460E-03  3.6584229E-02
  3.6000000E+02  1.1953214E-05  7.4369538E-03 -2.8984688E-02  1.3325935E-03  3.3461853E-02
  3.6000000E+02  4.8805678E-06  9.5273672E-03 -2.7241299E-02  1.4096380E-03  3.0345912E-02
  3.6000000E+02 -4.5533150E-07  1.1026356E-02 -2.5614171E-02  1.4378488E-03  2.7349615E-02
  3.6000000E+02  2.7170858E-07  1.2000532E-02 -2.4103959E-02  1.4325977E-03  2.4556506E-02
  3.6000000E+02  5.0650558E-06  1.2529270E-02 -2.2718308E-02  1.3964831E-03  2.2020692E-02
  3.6000000E+02  8.1972474E-06  1.2688043E-02 -2.1456592E-02  1.3304990E-03  1.9769242E-02
  3.6000000E+02  5.5800683E-06  1.2537427E-02 -2.0301721E-02  1.2463997E-03  1.7806585E-02
  3.6000000E+02  1.0067701E-06  1.2117911E-02 -1.9235144E-02  1.1697114E-03  1.6120735E-02
  3.6000000E+02  1.1360485E-05  1.1450670E-02 -1.8291189E-02  1.1228400E-03  1.4691184E-02
  3.6000000E+02  5.3768270E-05  1.0542750E-02 -1.7555878E-02  1.0599195E-03  1.3495794E-02
  3.6000000E+02  4.7730290E-06  9.5696342E-03 -1.6185985E-02  8.6295941E-04  1.2479922E-02
  3.6000000E+02 -2.7616069E-06  8.6098143E-03 -1.5200265E-02  7.5622017E-04  1.1637388E-02
  3.6000000E+02  1.6157232E-06  7.6085616E-03 -1.4410964E-02  6.7207218E-04  1.0945162E-02
  3.6000000E+02  5.1643974E-06  6.5797491E-03 -1.3726269E-02  5.8584261E-04  1.0380293E-02
  3.6000000E+02  4.7994008E-06  5.5650557E-03 -1.3110739E-02  4.9533860E-04  9.9211431E-03
  3.6000000E+02  1.9606880E-06  4.6079875E-03 -1.2556850E-02  4.0699777E-04  9.5481417E-03
  3.6000000E+02 -7.7608862E-07  3.7399875E-03 -1.2066080E-02  3.2756128E-04  9.2441653E-03
  3.6000000E+02 -1.6278905E-06  2.9759027E-03 -1.1637988E-02  2.6016471E-04  8.9946094E-03
  3.6000000E+02 -3.5205069E-07  2.3160812E-03 -1.1265733E-02  2.0374213E-04  8.7872478E-03
  3.6000000E+02  1.9061153E-06  1.7523700E-03 -1.0936467E-02  1.5463857E-04  8.6119609E-03
  3.6000000E+02  3.3854414E-06  1.2752828E-03 -1.0635051E-02  1.0932619E-04  8.4604166E-03
  3.6000000E+02  2.8203774E-06  8.7961140E-04 -1.0349543E-02  6.7119519E-05  8.3257909E-03
  3.6000000E+02  6.1138506E-07  5.6574875E-04 -1.0076888E-02  3.1784888E-05  8.2026113E-03
  3.6000000E+02 -2.2614213E-07  3.3399696E-04 -9.8272650E-03  1.0939554E-05  8.0868079E-03
  3.6000000E+02  6.3851576E-06  1.6912952E-04 -9.6255320E-03  1.2135633E-05  7.9760575E-03
  3.6000000E+02  2.3373754E-05  1.3525022E-05 -9.4719834E-03  2.3539895E-05  7.8700249E-03
  3.6000000E+02  3.4796161E-06 -8.7362300E-05 -9.0662522E-03 -3.0875580E-05  7.7599943E-03
  3.6000000E+02 -1.2163417E-06 -1.0525681E-04 -8.7498214E-03 -3.9455118E-05  7.6469611E-03
  3.6000000E+02 -2.2693838E-07 -8.5885270E-05 -8.4789903E-03 -3.2106962E-05  7.5317184E-03
  3.6000000E+02  1.5665809E-06 -5.0535452E-05 -8.2305665E-03 -2.3283463E-05  7.4145710E-03
  3.6000000E+02  2.2728260E-06 -6.9669771E-06 -7.9946696E-03 -1.7985565E-05  7.2955304E-03
  3.6000000E+02  1.7222877E-06  4.3081208E-05 -7.7691538E-03 -1.6204851E-05  7.1744623E-03
  3.6000000E+02  5.3348190E-07  9.9240821E-05 -7.5554808E-03 -1.6007187E-05  7.0511936E-03
  3.6000000E+02 -5.2641446E-07  1.6017589E-04 -7.3558739E-03 -1.5461959E-05  6.9255842E-03
  3.6000000E+02 -9.2606285E-07  2.2301020E-04 -7.1715859E-03 -1.3620926E-05  6.7975715E-03
  3.6000000E+02 -5.3922466E-07  2.8397481E-04 -7.0021102E-03 -1.0750688E-05  6.6671933E-03
  3.6000000E+02  3.6158831E-07  3.3972961E-04 -6.8451686E-03 -8.0227952E-06  6.5345963E-03
  3.6000000E+02  1.2474474E-06  3.8881331E-04 -6.6973061E-03 -6.8654945E-06  6.4000370E-03
  3.6000000E+02  1.5716981E-06  4.3267591E-04 -6.5549237E-03 -8.1811364E-06  6.2638808E-03
  3.6000000E+02  1.0653813E-06  4.7574781E-04 -6.4155818E-03 -1.1633249E-05  6.1266070E-03
  3.6000000E+02  4.9758239E-08  5.2399978E-04 -6.2794047E-03 -1.5207288E-05  5.9888251E-03
  3.6000000E+02 -2.7368774E-07  5.8144796E-04 -6.1504181E-03 -1.5249084E-05  5.8513103E-03
  3.6000000E+02  2.4046002E-06  6.4405801E-04 -6.0376499E-03 -7.1849796E-06  5.7150644E-03
  3.6000000E+02  1.1628327E-05  6.9050263E-04 -5.9558281E-03  1.2872305E-05  5.5814080E-03
  3.6000000E+02  3.9683227E-06  7.0469340E-04 -5.7415587E-03 -6.4716394E-06  5.4506158E-03
  3.6000000E+02 -3.1453133E-07  7.5174388E-04 -5.5467551E-03 -1.1896667E-05  5.3197345E-03
  3.6000000E+02 -6.3692150E-07  8.0655792E-04 -5.3823721E-03 -6.6024552E-06  5.1896367E-03
  3.6000000E+02  2.4316971E-07  8.5312644E-04 -5.2335518E-03  9.3118179E-07  5.0611476E-03
  3.6000000E+02  9.7453523E-07  8.8533492E-04 -5.0929154E-03  6.8526907E-06  4.9348365E-03
  3.6000000E+02  1.1129431E-06  9.0280811E-04 -4.9578194E-03  1.0133133E-05  4.8110372E-03
  3.6000000E+02  7.3082943E-07  9.0797062E-04 -4.8282484E-03  1.1217916E-05  4.6898789E-03
  3.6000000E+02  1.2594678E-07  9.0413431E-04 -4.7052759E-03  1.1079465E-05  4.5713236E-03
  3.6000000E+02 -3.8156711E-07  8.9442319E-04 -4.5900231E-03  1.0614410E-05  4.4552099E-03
  3.6000000E+02 -5.7423852E-07  8.8134690E-04 -4.4830462E-03  1.0328843E-05  4.3412989E-03
  3.6000000E+02 -3.9496068E-07  8.6683349E-04 -4.3840822E-03  1.0255222E-05  4.2293197E-03
  3.6000000E+02  5.2112433E-08  8.5253246E-04 -4.2920845E-03  1.0044479E-05  4.1190140E-03
  3.6000000E+02  5.4694493E-07  8.4019887E-04 -4.2054769E-03  9.1769016E-06  4.0101741E-03
  3.6000000E+02  8.3473359E-07  8.3196942E-04 -4.1225587E-03  7.2353520E-06  3.9026751E-03
  3.6000000E+02  7.3222156E-07  8.3034136E-04 -4.0419888E-03  4.1843938E-06  3.7964959E-03
  3.6000000E+02  2.4867432E-07  8.3766506E-04 -3.9632812E-03  5.9888626E-07  3.6917292E-03
  3.6000000E+02 -2.8901855E-07  8.5496124E-04 -3.8872407E-03 -2.2143842E-06  3.5885754E-03
  3.6000000E+02 -1.1765292E-07  8.7987355E-04 -3.8162703E-03 -2.2584710E-06  3.4873200E-03
  3.6000000E+02  2.0640327E-06  9.0356751E-04 -3.7544800E-03  2.8921330E-06  3.3882908E-03
  3.6000000E+02  7.4949871E-06  9.0655526E-04 -3.7032071E-03  1.3984456E-05  3.2918162E-03
  3.6000000E+02  1.4575291E-06  9.1141584E-04 -3.5714033E-03 -1.5121890E-06  3.1976207E-03
  3.6000000E+02 -4.1245343E-07  9.3471484E-04 -3.4682274E-03 -4.8630798E-06  3.1045226E-03
  3.6000000E+02 -4.2172499E-07  9.6198349E-04 -3.3798693E-03 -2.9578670E-06  3.0128221E-03
  3.6000000E+02  1.0269420E-07  9.8607079E-04 -3.2985536E-03  2.9997653E-07  2.9225818E-03
  3.6000000E+02  5.1368323E-07  1.0045537E-03 -3.2205684E-03  3.0498883E-06  2.8337109E-03
  3.6000000E+02  6.0267256E-07  1.0177552E-03 -3.1447191E-03  4.7239847E-06  2.7460345E-03
  3.6000000E+02  4.1147521E-07  1.0272977E-03 -3.0711631E-03  5.4709313E-06  2.6593465E-03
  3.6000000E+02  9.1979590E-08  1.0351185E-03 -3.0005769E-03  5.7349823E-06  2.5734494E-03
  3.6000000E+02 -1.9161366E-07  1.0428744E-03 -2.9336126E-03  5.9712553E-06  2.4881818E-03
  3.6000000E+02 -3.2332841E-07  1.0516625E-03 -2.8705960E-03  6.4783087E-06  2.4034349E-03
  3.6000000E+02 -2.6404087E-07  1.0619847E-03 -2.8114208E-03  7.3290870E-06  2.3191608E-03
  3.6000000E+02 -5.3516275E-08  1.0738816E-03 -2.7555934E-03  8.3813029E-06  2.2353717E-03
  3.6000000E+02  2.0882819E-07  1.0871651E-03 -2.7023819E-03  9.3483205E-06  2.1521344E-03
  3.6000000E+02  3.9911647E-07  1.1016742E-03 -2.6510238E-03  9.9116084E-06  2.0695588E-03
  3.6000000E+02  4.1484520E-07  1.1174829E-03 -2.6009462E-03  9.8558271E-06  1.9877841E-03
  3.6000000E+02  4.3582158E-06  9.2454639E-05 -3.6591676E-01  3.0827462E-01  0.0000000E+00
  3.6000000E+02  1.8840572E-06 -1.1561158E-01 -1.6816911E-01  4.4335283E-02 -4.0088440E-02
  3.6000000E+02  8.5212215E-06 -8.0344467E-02 -7.6596359E-02 -5.7474326E-02 -6.9670277E-02
  3.6000000E+02  4.5694716E-06  3.3540189E-03 -4.9221386E-02 -5.1017451E-02 -5.8567313E-02
  3.6000000E+02  3.4893002E-06  3.4111361E-02 -4.1991953E-02 -3.1741309E-02 -3.8295415E-02
  3.6000000E+02  4.3080019E-06  3.2485786E-02 -4.0183361E-02 -1.9513534E-02 -1.9947498E-02
  3.6000000E+02  5.5405284E-06  2.1153090E-02 -4.0152432E-02 -1.2367855E-02 -4.5813032E-03
  3.6000000E+02  1.7166403E-05  7.2059882E-03 -4.0649666E-02 -8.0228083E-03  8.0152741E-03
  3.6000000E+02  6.0197783E-06 -4.4877070E-03 -4.1468867E-02 -5.2633920E-03  1.8213894E-02
  3.6000000E+02  6.1842289E-06 -1.3231728E-02 -4.1669225E-02 -3.6093757E-03  2.6262286E-02
  3.6000000E+02  1.0983751E-05 -1.8543416E-02 -4.1608142E-02 -2.4415767E-03  3.2434945E-02
  3.6000000E+02  4.6445312E-06 -2.0823768E-02 -4.1359152E-02 -1.5281939E-03  3.6960694E-02
  3.6000000E+02  2.7186963E-06 -2.0595232E-02 -4.0920664E-02 -8.8635278E-04  4.0034565E-02
  3.6000000E+02  1.0674175E-05 -1.8490526E-02 -4.0311689E-02 -4.4295397E-04  4.1817606E-02
  3.6000000E+02  1.0747091E-05 -1.5194186E-02 -3.9509411E-02 -4.9772283E-05  4.2442767E-02
  3.6000000E+02 -2.7008057E-06 -1.1281246E-02 -3.8445713E-02  3.7258085E-04  4.2032995E-02
  3.6000000E+02  8.0922825E-05 -6.8974456E-03 -3.7279837E-02  7.8721805E-04  4.0737672E-02
  3.6000000E+02  2.0675793E-06 -2.8484736E-03 -3.5359855E-02  8.3745612E-04  3.8679799E-02
  3.6000000E+02  2.8374197E-07  9.7323218E-04 -3.3061667E-02  1.0761384E-03  3.6049358E-02
  3.6000000E+02  1.2264141E-05  4.3025045E-03 -3.0836328E-02  1.2815299E-03  3.3070514E-02
  3.6000000E+02  1.1309900E-05  6.9776757E-03 -2.8775453E-02  1.3918882E-03  2.9944355E-02
  3.6000000E+02  3.2932602E-06  8.9658435E-03 -2.6869865E-02  1.4277985E-03  2.6840954E-02
  3.6000000E+02 -9.0795321E-07  1.0314263E-02 -2.5105502E-02  1.4190196E-03  2.3892714E-02
  3.6000000E+02  2.1536765E-06  1.1110446E-02 -2.3487163E-02  1.3789190E-03  2.1191824E-02
  3.6000000E+02  7.3347902E-06  1.1451222E-02 -2.2022719E-02  1.3089075E-03  1.8791505E-02
  3.6000000E+02  7.1626032E-06  1.1421020E-02 -2.0700428E-02  1.2152864E-03  1.6710757E-02
  3.6000000E+02  1.6640614E-06  1.1079636E-02 -1.9491960E-02  1.1209163E-03  1.4942292E-02
  3.6000000E+02  7.9088947E-06  1.0459734E-02 -1.8413772E-02  1.0541221E-03  1.3463338E-02
  3.6000000E+02  5.7003228E-05  9.5731776E-03 -1.7617791E-02  9.8901037E-04  1.2247794E-02
  3.6000000E+02  3.3844781E-06  8.5991816E-03 -1.6108705E-02  7.9688416E-04  1.1234136E-02
  3.6000000E+02 -2.3255940E-06  7.6345605E-03 -1.5051870E-02  6.9172727E-04  1.0410506E-02
  3.6000000E+02  2.9554990E-06  6.6240225E-03 -1.4210696E-02  6.0488427E-04  9.7486958E-03
  3.6000000E+02  5.4653072E-06  5.5947025E-03 -1.3481115E-02  5.1575266E-04  9.2209190E-03
  3.6000000E+02  3.5492667E-06  4.6003407E-03 -1.2830443E-02  4.2603319E-04  8.8014882E-03
  3.6000000E+02  1.6665101E-07  3.6887095E-03 -1.2255745E-02  3.4351086E-04  8.4677504E-03
  3.6000000E+02 -1.6173439E-06  2.8872929E-03 -1.1758566E-02  2.7351773E-04  8.2004411E-03
  3.6000000E+02 -7.2037429E-07  2.2022278E-03 -1.1332870E-02  2.1622870E-04  7.9836095E-03
  3.6000000E+02  1.7204210E-06  1.6255130E-03 -1.0963055E-02  1.6794123E-04  7.8042719E-03
  3.6000000E+02  3.3969412E-06  1.1454944E-03 -1.0628874E-02  1.2449017E-04  7.6519458E-03
  3.6000000E+02  2.5968001E-06  7.5563160E-04 -1.0314138E-02  8.4948731E-05  7.5182220E-03
  3.6000000E+02  1.2116433E-07  4.5655551E-04 -1.0016039E-02  5.3766646E-05  7.3965286E-03
  3.6000000E+02  7.8675872E-07  2.4642238E-04 -9.7519494E-03  3.9496731E-05  7.2822410E-03
  3.6000000E+02  1.3945045E-05  9.4572157E-05 -9.5605531E-03  4.8260775E-05  7.1732953E-03
  3.6000000E+02  9.7586489E-06 -5.0879804E-05 -9.2340955E-03  1.9198178E-05  7.0661197E-03
  3.6000000E+02 -6.0832511E-07 -9.4981078E-05 -8.8518028E-03 -1.1390943E-06  6.9541012E-03
  3.6000000E+02 -6.5808336E-07 -8.3647518E-05 -8.5408401E-03  3.0080228E-06  6.8393985E-03
  3.6000000E+02  1.3729312E-06 -5.0453335E-05 -8.2625930E-03  1.1148715E-05  6.7225380E-03
  3.6000000E+02  2.2719795E-06 -7.4233208E-06 -8.0007780E-03  1.6081427E-05  6.6035902E-03
  3.6000000E+02  1.6407977E-06  4.2816094E-05 -7.7517327E-03  1.7444740E-05  6.4824034E-03
  3.6000000E+02  3.0690582E-07  9.9732661E-05 -7.5173978E-03  1.7365443E-05  6.3587683E-03
  3.6000000E+02 -7.2467439E-07  1.6143242E-04 -7.3006511E-03  1.7860748E-05  6.2325249E-03
  3.6000000E+02 -8.5941919E-07  2.2405354E-04 -7.1026522E-03  1.9651584E-05  6.1036247E-03
  3.6000000E+02 -1.2114792E-07  2.8301126E-04 -6.9218566E-03  2.2043920E-05  5.9721595E-03
  3.6000000E+02  9.4015939E-07  3.3509542E-04 -6.7543588E-03  2.3535065E-05  5.8383692E-03
  3.6000000E+02  1.5604443E-06  3.8042194E-04 -6.5952234E-03  2.2801869E-05  5.7026418E-03
  3.6000000E+02  1.2134251E-06  4.2323967E-04 -6.4404630E-03  1.9727797E-05  5.5655152E-03
  3.6000000E+02  1.2209675E-07  4.7059411E-04 -6.2893220E-03  1.6125798E-05  5.4276962E-03
  3.6000000E+02 -2.5025099E-07  5.2784930E-04 -6.1465263E-03  1.5813915E-05  5.2901062E-03
  3.6000000E+02  3.1903750E-06  5.9006937E-04 -6.0241559E-03  2.3700598E-05  5.1539669E-03
  3.6000000E+02  1.2666817E-05  6.2673065E-04 -5.9243935E-03  3.8740980E-05  5.0209835E-03
  3.6000000E+02  1.7740640E-06  6.5022772E-04 -5.6687370E-03  1.8626586E-05  4.8901338E-03
  3.6000000E+02 -7.4703057E-07  7.0297660E-04 -5.4692891E-03  1.8513569E-05  4.7593948E-03
  3.6000000E+02 -1.7885665E-07  7.5480274E-04 -5.2975998E-03  2.4610459E-05  4.6299686E-03
  3.6000000E+02  7.8862863E-07  7.9284155E-04 -5.1391198E-03  3.0340799E-05  4.5027042E-03
  3.6000000E+02  1.1351512E-06  8.1430959E-04 -4.9880960E-03  3.3531562E-05  4.3781182E-03
  3.6000000E+02  7.9604519E-07  8.2142482E-04 -4.8436888E-03  3.4333962E-05  4.2564359E-03
  3.6000000E+02  1.3554685E-07  8.1812972E-04 -4.7071700E-03  3.3781382E-05  4.1376443E-03
  3.6000000E+02 -4.1384892E-07  8.0827138E-04 -4.5800600E-03  3.2889130E-05  4.0215561E-03
  3.6000000E+02 -5.6727473E-07  7.9489258E-04 -4.4630643E-03  3.2200730E-05  3.9078779E-03
  3.6000000E+02 -2.7992566E-07  7.8028768E-04 -4.3556681E-03  3.1685473E-05  3.7962792E-03
  3.6000000E+02  2.6265151E-07  7.6647752E-04 -4.2562478E-03  3.0891937E-05  3.6864561E-03
  3.6000000E+02  7.3510874E-07  7.5575721E-04 -4.1625590E-03  2.9262187E-05  3.5781878E-03
  3.6000000E+02  8.2238132E-07  7.5097075E-04 -4.0724603E-03  2.6511368E-05  3.4713779E-03
  3.6000000E+02  4.0800073E-07  7.5516663E-04 -3.9847316E-03  2.2977418E-05  3.3660792E-03
  3.6000000E+02 -2.2066999E-07  7.7028822E-04 -3.8998460E-03  1.9845598E-05  3.2624952E-03
  3.6000000E+02 -1.7158413E-07  7.9455308E-04 -3.8205553E-03  1.9152556E-05  3.1609542E-03
  3.6000000E+02  2.2271519E-06  8.1817511E-04 -3.7521472E-03  2.3474653E-05  3.0618527E-03
  3.6000000E+02  6.2130190E-06  8.1906115E-04 -3.6811185E-03  2.9011710E-05  2.9656399E-03
  3.6000000E+02  6.9930267E-07  8.2904618E-04 -3.5431604E-03  1.7492282E-05  2.8715839E-03
  3.6000000E+02 -5.4314366E-07  8.5461050E-04 -3.4352438E-03  1.6130791E-05  2.7788508E-03
  3.6000000E+02 -1.9181053E-07  8.8108108E-04 -3.3414325E-03  1.8372229E-05  2.6877098E-03
  3.6000000E+02  3.7240064E-07  9.0235656E-04 -3.2537016E-03  2.0906266E-05  2.5981511E-03
  3.6000000E+02  6.0994049E-07  9.1741614E-04 -3.1689735E-03  2.2488400E-05  2.5100032E-03
  3.6000000E+02  4.6981168E-07  9.2777835E-04 -3.0868933E-03  2.3040681E-05  2.4230232E-03
  3.6000000E+02  1.2845343E-07  9.3577599E-04 -3.0082508E-03  2.3000025E-05  2.3369637E-03
  3.6000000E+02 -1.9044186E-07  9.4351406E-04 -2.9339566E-03  2.2882166E-05  2.2516190E-03
  3.6000000E+02 -3.2593218E-07  9.5237699E-04 -2.8644790E-03  2.3029264E-05  2.1668521E-03
  3.6000000E+02 -2.3040223E-07  9.6295179E-04 -2.7996486E-03  2.3509195E-05  2.0826079E-03
  3.6000000E+02  2.8535199E-08  9.7523362E-04 -2.7387388E-03  2.4134573E-05  1.9989121E-03
  3.6000000E+02  3.0406024E-07  9.8898030E-04 -2.6807289E-03  2.4569510E-05  1.9158611E-03
  3.6000000E+02  4.3333707E-07  1.0040823E-03 -2.6246560E-03  2.4492163E-05  1.8336041E-03
  3.6000000E+02  3.1712256E-07  1.0208149E-03 -2.5699646E-03  2.3781082E-05  1.7523210E-03
  3.6000000E+02  5.0402328E-09  1.0398384E-03 -2.5167597E-03  2.2693412E-05  1.6721986E-03
  3.6000000E+02 -2.2423313E-07  1.0618139E-03 -2.4658714E-03  2.2002945E-05  1.5934073E-03
  3.6000000E+02  2.0137954E-07  1.0865006E-03 -2.4186377E-03  2.3066094E-05  1.5160817E-03
  3.6000000E+02  2.1851105E-06  1.1112006E-03 -2.3763126E-03  2.7783774E-05  1.4403082E-03
  3.6000000E+02  1.7135111E-06  1.1274023E-03 -2.3136634E-03  2.6124800E-05  1.3654414E-03
  3.6000000E+02 -3.4242966E-08  1.1501504E-03 -2.2453116E-03  2.1194631E-05  1.2918705E-03
  3.6000000E+02 -2.5601748E-07  1.1786558E-03 -2.1877146E-03  2.0463062E-05  1.2201590E-03
  3.6000000E+02  3.9696569E-09  1.2075631E-03 -2.1354267E-03  2.1774053E-05  1.1502138E-03
  3.6000000E+02  2.4031571E-07  1.2343648E-03 -2.0859479E-03  2.3870141E-05  1.0819605E-03
  3.6000000E+02  4.3582158E-06  1.0218671E-04 -3.6591676E-01  3.7659068E-01 -1.7530732E-19
  3.6000000E+02  1.5927639E-06 -1.1814227E-01 -1.8217838E-01  8.1341375E-02 -3.8574781E-02
  3.6000000E+02  1.0866275E-05 -1.1014759E-01 -8.7251616E-02 -5.7942218E-02 -7.5325683E-02
  3.6000000E+02  3.2987504E-06 -1.6936367E-02 -5.3798072E-02 -6.6085124E-02 -7.0404341E-02
  3.6000000E+02  4.9326253E-06  3.0747325E-02 -4.3723385E-02 -4.5515568E-02 -5.0907659E-02
  3.6000000E+02  2.4652140E-06  3.9200574E-02 -4.0705373E-02 -2.9009435E-02 -3.1318229E-02
  3.6000000E+02  6.7882848E-06  3.1154291E-02 -4.0048620E-02 -1.9221907E-02 -1.4435182E-02
  3.6000000E+02  1.7387204E-06  1.8381942E-02 -4.0288318E-02 -1.2813332E-02 -1.3374428E-04
  3.6000000E+02  5.3176418E-05  5.0403497E-03 -4.0817699E-02 -9.2853622E-03  1.1735874E-02
  3.6000000E+02  3.3145444E-06 -6.5404013E-03 -4.1524609E-02 -6.2681854E-03  2.1499681E-02
  3.6000000E+02  6.6230623E-06 -1.4952824E-02 -4.1670566E-02 -4.6270170E-03  2.9361301E-02
  3.6000000E+02  1.1091380E-05 -2.0274349E-02 -4.1615945E-02 -3.4026130E-03  3.5537513E-02
  3.6000000E+02  5.7245266E-06 -2.2832495E-02 -4.1408370E-02 -2.4094172E-03  4.0215490E-02
  3.6000000E+02  2.0599270E-06 -2.3044547E-02 -4.1044028E-02 -1.6742665E-03  4.3557487E-02
  3.6000000E+02  7.6192144E-06 -2.1412611E-02 -4.0537451E-02 -1.1568539E-03  4.5700370E-02
  3.6000000E+02  1.3174301E-05 -1.8495080E-02 -3.9887177E-02 -7.3001952E-04  4.6758271E-02
  3.6000000E+02  3.8385964E-06 -1.4824127E-02 -3.9044696E-02 -2.8253214E-04  4.6831733E-02
  3.6000000E+02  3.9942607E-06 -1.0738833E-02 -3.7994046E-02  1.9297292E-04  4.6026662E-02
  3.6000000E+02  6.6709334E-05 -6.3319816E-03 -3.6864311E-02  5.2245856E-04  4.4474696E-02
  3.6000000E+02 -2.5441615E-06 -2.3538926E-03 -3.4948174E-02  6.4184208E-04  4.2262229E-02
  3.6000000E+02  1.5320405E-06  1.4177643E-03 -3.2864524E-02  9.3239892E-04  3.9572266E-02
  3.6000000E+02  1.2205626E-05  4.7234597E-03 -3.0856865E-02  1.1791460E-03  3.6584229E-02
  3.6000000E+02  1.1953214E-05  7.4369538E-03 -2.8984688E-02  1.3325935E-03  3.3461853E-02
  3.6000000E+02  4.8805678E-06  9.5273672E-03 -2.7241299E-02  1.4096380E-03  3.0345912E-02
  3.6000000E+02 -4.5533150E-07  1.1026356E-02 -2.5614171E-02  1.4378488E-03  2.7349615E-02
  3.6000000E+02  2.7170858E-07  1.2000532E-02 -2.4103959E-02  1.4325977E-03  2.4556506E-02
  3.6000000E+02  5.0650558E-06  1.2529270E-02 -2.2718308E-02  1.3964831E-03  2.2020692E-02
  3.6000000E+02  8.1972474E-06  1.2688043E-02 -2.1456592E-02  1.3304990E-03  1.9769242E-02
  3.6000000E+02  5.5800683E-06  1.2537427E-02 -2.0301721E-02  1.2463997E-03  1.7806585E-02
  3.6000000E+02  1.0067701E-06  1.2117911E-02 -1.9235144E-02  1.1697114E-03  1.6120735E-02
  3.6000000E+02  1.1360485E-05  1.1450670E-02 -1.8291189E-02  1.1228400E-03  1.4691184E-02
  3.6000000E+02  5.3768270E-05  1.0542750E-02 -1.7555878E-02  1.0599195E-03  1.3495794E-02
  3.6000000E+02  4.7730290E-06  9.5696342E-03 -1.6185985E-02  8.6295941E-04  1.2479922E-02
  3.6000000E+02 -2.7616069E-06  8.6098143E-03 -1.5200265E-02  7.5622017E-04  1.1637388E-02
  3.6000000E+02  1.6157232E-06  7.6085616E-03 -1.4410964E-02  6.7207218E-04  1.0945162E-02
  3.6000000E+02  5.1643974E-06  6.5797491E-03 -1.3726269E-02  5.8584261E-04  1.0380293E-02
  3.6000000E+02  4.7994008E-06  5.5650557E-03 -1.3110739E-02  4.9533860E-04  9.9211431E-03
  3.6000000E+02  1.9606880E-06  4.6079875E-03 -1.2556850E-02  4.0699777E-04  9.5481417E-03
  3.6000000E+02 -7.7608862E-07  3.7399875E-03 -1.2066080E-02  3.2756128E-04  9.2441653E-03
  3.6000000E+02 -1.6278905E-06  2.9759027E-03 -1.1637988E-02  2.6016471E-04  8.9946094E-03
  3.6000000E+02 -3.5205069E-07  2.3160812E-03 -1.1265733E-02  2.0374213E-04  8.7872478E-03
  3.6000000E+02  1.9061153E-06  1.7523700E-03 -1.0936467E-02  1.5463857E-04  8.6119609E-03
  3.6000000E+02  3.3854414E-06  1.2752828E-03 -1.0635051E-02  1.0932619E-04  8.4604166E-03
  3.6000000E+02  2.8203774E-06  8.7961140E-04 -1.0349543E-02  6.7119519E-05  8.3257909E-03
  3.6000000E+02  6.1138506E-07  5.6574875E-04 -1.0076888E-02  3.1784888E-05  8.2026113E-03
  3.6000000E+02 -2.2614213E-07  3.3399696E-04 -9.8272650E-03  1.0939554E-05  8.0868079E-03
  3.6000000E+02  6.3851576E-06  1.6912952E-04 -9.6255320E-03  1.2135633E-05  7.9760575E-03
  3.6000000E+02  2.3373754E-05  1.3525022E-05 -9.4719834E-03  2.3539895E-05  7.8700249E-03
  3.6000000E+02  3.4796161E-06 -8.7362300E-05 -9.0662522E-03 -3.0875580E-05  7.7599943E-03
  3.6000000E+02 -1.2163417E-06 -1.0525681E-04 -8.7498214E-03 -3.9455118E-05  7.6469611E-03
  3.6000000E+02 -2.2693838E-07 -8.5885270E-05 -8.4789903E-03 -3.2106962E-05  7.5317184E-03
  3.6000000E+02  1.5665809E-06 -5.0535452E-05 -8.2305665E-03 -2.3283463E-05  7.4145710E-03
  3.6000000E+02  2.2728260E-06 -6.9669771E-06 -7.9946696E-03 -1.7985565E-05  7.2955304E-03
  3.6000000E+02  1.7222877E-06  4.3081208E-05 -7.7691538E-03 -1.6204851E-05  7.1744623E-03
  3.6000000E+02  5.3348190E-07  9.9240821E-05 -7.5554808E-03 -1.6007187E-05  7.0511936E-03
  3.6000000E+02 -5.2641446E-07  1.6017589E-04 -7.3558739E-03 -1.5461959E-05  6.9255842E-03
  3.6000000E+02 -9.2606285E-07  2.2301020E-04 -7.1715859E-03 -1.3620926E-05  6.7975715E-03
  3.6000000E+02 -5.3922466E-07  2.8397481E-04 -7.0021102E-03 -1.0750688E-05  6.6671933E-03
  3.6000000E+02  3.6158831E-07  3.3972961E-04 -6.8451686E-03 -8.0227952E-06  6.5345963E-03
  3.6000000E+02  1.2474474E-06  3.8881331E-04 -6.6973061E-03 -6.8654945E-06  6.4000370E-03
  3.6000000E+02  1.5716981E-06  4.3267591E-04 -6.5549237E-03 -8.1811364E-06  6.2638808E-03
  3.6000000E+02  1.0653813E-06  4.7574781E-04 -6.4155818E-03 -1.1633249E-05  6.1266070E-03
  3.6000000E+02  4.9758239E-08  5.2399978E-04 -6.2794047E-03 -1.5207288E-05  5.9888251E-03
  3.6000000E+02 -2.7368774E-07  5.8144796E-04 -6.1504181E-03 -1.5249084E-05  5.8513103E-03
  3.6000000E+02  2.4046002E-06  6.4405801E-04 -6.0376499E-03 -7.1849796E-06  5.7150644E-03
  3.6000000E+02  1.1628327E-05  6.9050263E-04 -5.9558281E-03  1.2872305E-05  5.5814080E-03
  3.6000000E+02  3.9683227E-06  7.0469340E-04 -5.7415587E-03 -6.4716394E-06  5.4506158E-03
  3.6000000E+02 -3.1453133E-07  7.5174388E-04 -5.5467551E-03 -1.1896667E-05  5.3197345E-03
  3.6000000E+02 -6.3692150E-07  8.0655792E-04 -5.3823721E-03 -6.6024552E-06  5.1896367E-03
  3.6000000E+02  2.4316971E-07  8.5312644E-04 -5.2335518E-03  9.3118179E-07  5.0611476E-03
  3.6000000E+02  9.7453523E-07  8.8533492E-04 -5.0929154E-03  6.8526907E-06  4.9348365E-03
  3.6000000E+02  1.1129431E-06  9.0280811E-04 -4.9578194E-03  1.0133133E-05  4.8110372E-03
  3.6000000E+02  7.3082943E-07  9.0797062E-04 -4.8282484E-03  1.1217916E-05  4.6898789E-03
  3.6000000E+02  1.2594678E-07  9.0413431E-04 -4.7052759E-03  1.1079465E-05  4.5713236E-03
  3.6000000E+02 -3.8156711E-07  8.9442319E-04 -4.5900231E-03  1.0614410E-05  4.4552099E-03
  3.6000000E+02 -5.7423852E-07  8.8134690E-04 -4.4830462E-03  1.0328843E-05  4.3412989E-03
  3.6000000E+02 -3.9496068E-07  8.6683349E-04 -4.3840822E-03  1.0255222E-05  4.2293197E-03
  3.6000000E+02  5.2112433E-08  8.5253246E-04 -4.2920845E-03  1.0044479E-05  4.1190140E-03
  3.6000000E+02  5.4694493E-07  8.4019887E-04 -4.2054769E-03  9.1769016E-06  4.0101741E-03
  3.6000000E+02  8.3473359E-07  8.3196942E-04 -4.1225587E-03  7.2353520E-06  3.9026751E-03
  3.6000000E+02  7.3222156E-07  8.3034136E-04 -4.0419888E-03  4.1843938E-06  3.7964959E-03
  3.6000000E+02  2.4867432E-07  8.3766506E-04 -3.9632812E-03  5.9888626E-07  3.6917292E-03
  3.6000000E+02 -2.8901855E-07  8.5496124E-04 -3.8872407E-03 -2.2143842E-06  3.5885754E-03
  3.6000000E+02 -1.1765292E-07  8.7987355E-04 -3.8162703E-03 -2.2584710E-06  3.4873200E-03
  3.6000000E+02  2.0640327E-06  9.0356751E-04 -3.7544800E-03  2.8921330E-06  3.3882908E-03
  3.6000000E+02  7.4949871E-06  9.0655526E-04 -3.7032071E-03  1.3984456E-05  3.2918162E-03
  3.6000000E+02  1.4575291E-06  9.1141584E-04 -3.5714033E-03 -1.5121890E-06  3.1976207E-03
  3.6000000E+02 -4.1245343E-07  9.3471484E-04 -3.4682274E-03 -4.8630798E-06  3.1045226E-03
  3.6000000E+02 -4.2172499E-07  9.6198349E-04 -3.3798693E-03 -2.9578670E-06  3.0128221E-03
  3.6000000E+02  1.0269420E-07  9.8607079E-04 -3.2985536E-03  2.9997653E-07  2.9225818E-03
  3.6000000E+02  5.1368323E-07  1.0045537E-03 -3.2205684E-03  3.0498883E-06  2.8337109E-03
  3.6000000E+02  6.0267256E-07  1.0177552E-03 -3.1447191E-03  4.7239847E-06  2.7460345E-03
  3.6000000E+02  4.1147521E-07  1.0272977E-03 -3.0711631E-03  5.4709313E-06  2.6593465E-03
  3.6000000E+02  9.1979590E-08  1.0351185E-03 -3.0005769E-03  5.7349823E-06  2.5734494E-03
  3.6000000E+02 -1.9161366E-07  1.0428744E-03 -2.9336126E-03  5.9712553E-06  2.4881818E-03
  3.6000000E+02 -3.2332841E-07  1.0516625E-03 -2.8705960E-03  6.4783087E-06  2.4034349E-03
  3.6000000E+02 -2.6404087E-07  1.0619847E-03 -2.8114208E-03  7.3290870E-06  2.3191608E-03
  3.6000000E+02 -5.3516275E-08  1.0738816E-03 -2.7555934E-03  8.3813029E-06  2.2353717E-03
  3.6000000E+02  2.0882819E-07  1.0871651E-03 -2.7023819E-03  9.3483205E-06  2.1521344E-03
  3.6000000E+02  3.9911647E-07  1.1016742E-03 -2.6510238E-03  9.9116084E-06  2.0695588E-03
  3.6000000E+02  4.1484520E-07  1.1174829E-03 -2.6009462E-03  9.8558271E-06  1.9877841E-03
