          atime          uvari          vvari          wvari          pvari          tvari
  3.6000000E+02  2.3272157E-21  1.0090469E-21  1.3534607E-20  3.9343799E-03  0.0000000E+00
  3.6000000E+02  1.9651766E-02  7.0107505E-04  5.3034071E-03  3.8947666E-03  0.0000000E+00
  3.6000000E+02  5.4767734E-02  1.9871906E-03  1.2418202E-02  3.8282057E-03  0.0000000E+00
  3.6000000E+02  8.3461352E-02  3.3666558E-03  1.6555036E-02  3.7219721E-03  0.0000000E+00
  3.6000000E+02  1.0189450E-01  4.8046974E-03  1.8252843E-02  3.5990812E-03  0.0000000E+00
  3.6000000E+02  1.1255724E-01  6.2712896E-03  1.8634279E-02  3.4791732E-03  0.0000000E+00
  3.6000000E+02  1.1802956E-01  7.7017436E-03  1.8447465E-02  3.3713496E-03  0.0000000E+00
  3.6000000E+02  1.1994124E-01  9.0326059E-03  1.8095265E-02  3.2772264E-03  0.0000000E+00
  3.6000000E+02  1.1941181E-01  1.0221586E-02  1.7793762E-02  3.1952400E-03  0.0000000E+00
  3.6000000E+02  1.1715657E-01  1.1242311E-02  1.7630470E-02  3.1221088E-03  0.0000000E+00
  3.6000000E+02  1.1369368E-01  1.2085970E-02  1.7621313E-02  3.0547803E-03  0.0000000E+00
  3.6000000E+02  1.0940413E-01  1.2751274E-02  1.7742764E-02  2.9903193E-03  0.0000000E+00
  3.6000000E+02  1.0457278E-01  1.3246598E-02  1.7954574E-02  2.9263437E-03  0.0000000E+00
  3.6000000E+02  9.9416560E-02  1.3585925E-02  1.8211049E-02  2.8610674E-03  0.0000000E+00
  3.6000000E+02  9.4102820E-02  1.3786417E-02  1.8468850E-02  2.7932305E-03  0.0000000E+00
  3.6000000E+02  8.8759902E-02  1.3867085E-02  1.8691945E-02  2.7220060E-03  0.0000000E+00
  3.6000000E+02  8.3484517E-02  1.3847868E-02  1.8854564E-02  2.6469620E-03  0.0000000E+00
  3.6000000E+02  7.8350487E-02  1.3748407E-02  1.8943018E-02  2.5681594E-03  0.0000000E+00
  3.6000000E+02  7.3425701E-02  1.3586876E-02  1.8959443E-02  2.4861105E-03  0.0000000E+00
  3.6000000E+02  6.8753054E-02  1.3382975E-02  1.8905313E-02  2.4008046E-03  0.0000000E+00
  3.6000000E+02  6.4347923E-02  1.3149987E-02  1.8777505E-02  2.3136788E-03  0.0000000E+00
  3.6000000E+02  6.0236412E-02  1.2902218E-02  1.8591751E-02  2.2253078E-03  0.0000000E+00
  3.6000000E+02  5.6432655E-02  1.2651823E-02  1.8362123E-02  2.1365056E-03  0.0000000E+00
  3.6000000E+02  5.2941504E-02  1.2408350E-02  1.8100694E-02  2.0481295E-03  0.0000000E+00
  3.6000000E+02  4.9760621E-02  1.2178622E-02  1.7817450E-02  1.9609562E-03  0.0000000E+00
  3.6000000E+02  4.6882087E-02  1.1966884E-02  1.7520421E-02  1.8756187E-03  0.0000000E+00
  3.6000000E+02  4.4293655E-02  1.1775152E-02  1.7215958E-02  1.7925898E-03  0.0000000E+00
  3.6000000E+02  4.1979784E-02  1.1603685E-02  1.6909124E-02  1.7121997E-03  0.0000000E+00
  3.6000000E+02  3.9922569E-02  1.1451531E-02  1.6604120E-02  1.6346738E-03  0.0000000E+00
  3.6000000E+02  3.8102706E-02  1.1317059E-02  1.6304719E-02  1.5601784E-03  0.0000000E+00
  3.6000000E+02  3.6500606E-02  1.1198417E-02  1.6014642E-02  1.4888603E-03  0.0000000E+00
  3.6000000E+02  3.5098979E-02  1.1093720E-02  1.5738676E-02  1.4208132E-03  0.0000000E+00
  3.6000000E+02  3.3886570E-02  1.0999142E-02  1.5483087E-02  1.3556293E-03  0.0000000E+00
  3.6000000E+02  3.2830247E-02  1.0912878E-02  1.5237516E-02  1.2938160E-03  0.0000000E+00
  3.6000000E+02  3.1914122E-02  1.0832490E-02  1.5004449E-02  1.2352476E-03  0.0000000E+00
  3.6000000E+02  3.1121060E-02  1.0755993E-02  1.4784343E-02  1.1798320E-03  0.0000000E+00
  3.6000000E+02  3.0433905E-02  1.0681752E-02  1.4576593E-02  1.1274826E-03  0.0000000E+00
  3.6000000E+02  2.9836322E-02  1.0608414E-02  1.4380159E-02  1.0781017E-03  0.0000000E+00
  3.6000000E+02  2.9313325E-02  1.0534852E-02  1.4193929E-02  1.0315722E-03  0.0000000E+00
  3.6000000E+02  2.8851543E-02  1.0460140E-02  1.4016871E-02  9.8775726E-04  0.0000000E+00
  3.6000000E+02  2.8439280E-02  1.0383540E-02  1.3848039E-02  9.4650463E-04  0.0000000E+00
  3.6000000E+02  2.8066427E-02  1.0304495E-02  1.3686483E-02  9.0765443E-04  0.0000000E+00
  3.6000000E+02  2.7724290E-02  1.0222641E-02  1.3531138E-02  8.7104840E-04  0.0000000E+00
  3.6000000E+02  2.7405382E-02  1.0137813E-02  1.3380742E-02  8.3653844E-04  0.0000000E+00
  3.6000000E+02  2.7103237E-02  1.0050059E-02  1.3233844E-02  8.0399267E-04  0.0000000E+00
  3.6000000E+02  2.6812315E-02  9.9596403E-03  1.3088968E-02  7.7329710E-04  0.0000000E+00
  3.6000000E+02  2.6528042E-02  9.8670334E-03  1.2944989E-02  7.4435087E-04  0.0000000E+00
  3.6000000E+02  2.6247889E-02  9.7728078E-03  1.2802471E-02  7.1702300E-04  0.0000000E+00
  3.6000000E+02  2.5976036E-02  9.6764486E-03  1.2664845E-02  6.9095141E-04  0.0000000E+00
  3.6000000E+02  2.5702579E-02  9.5789679E-03  1.2524037E-02  6.6627884E-04  0.0000000E+00
  3.6000000E+02  2.5427991E-02  9.4804658E-03  1.2382258E-02  6.4283041E-04  0.0000000E+00
  3.6000000E+02  2.5152247E-02  9.3811940E-03  1.2240775E-02  6.2048892E-04  0.0000000E+00
  3.6000000E+02  2.4875135E-02  9.2814769E-03  1.2100239E-02  5.9917304E-04  0.0000000E+00
  3.6000000E+02  2.4596452E-02  9.1816501E-03  1.1960917E-02  5.7882126E-04  0.0000000E+00
  3.6000000E+02  2.4316133E-02  9.0820163E-03  1.1822865E-02  5.5938092E-04  0.0000000E+00
  3.6000000E+02  2.4034304E-02  8.9828149E-03  1.1686034E-02  5.4080149E-04  0.0000000E+00
  3.6000000E+02  2.3751278E-02  8.8842067E-03  1.1550338E-02  5.2303140E-04  0.0000000E+00
  3.6000000E+02  2.3467515E-02  8.7862702E-03  1.1415666E-02  5.0601759E-04  0.0000000E+00
  3.6000000E+02  2.3183553E-02  8.6890086E-03  1.1281889E-02  4.8970702E-04  0.0000000E+00
  3.6000000E+02  2.2899925E-02  8.5923670E-03  1.1148832E-02  4.7404947E-04  0.0000000E+00
  3.6000000E+02  2.2617075E-02  8.4962573E-03  1.1016249E-02  4.5900064E-04  0.0000000E+00
  3.6000000E+02  2.2335291E-02  8.4005896E-03  1.0883802E-02  4.4452508E-04  0.0000000E+00
  3.6000000E+02  2.2054665E-02  8.3053096E-03  1.0751059E-02  4.3059787E-04  0.0000000E+00
  3.6000000E+02  2.1775093E-02  8.2104392E-03  1.0617507E-02  4.1720455E-04  0.0000000E+00
  3.6000000E+02  2.1496330E-02  8.1161207E-03  1.0482619E-02  4.0433838E-04  0.0000000E+00
  3.6000000E+02  2.1218120E-02  8.0226605E-03  1.0345953E-02  3.9199412E-04  0.0000000E+00
  3.6000000E+02  2.0945394E-02  7.9297663E-03  1.0212043E-02  3.7999262E-04  0.0000000E+00
  3.6000000E+02  2.0673167E-02  7.8377072E-03  1.0076358E-02  3.6845702E-04  0.0000000E+00
  3.6000000E+02  2.0402027E-02  7.7464573E-03  9.9392879E-03  3.5735619E-04  0.0000000E+00
  3.6000000E+02  2.0132917E-02  7.6559776E-03  9.8018722E-03  3.4664665E-04  0.0000000E+00
  3.6000000E+02  1.9866244E-02  7.5662886E-03  9.6648385E-03  3.3630151E-04  0.0000000E+00
  3.6000000E+02  1.9602102E-02  7.4774391E-03  9.5286818E-03  3.2630444E-04  0.0000000E+00
  3.6000000E+02  1.9340441E-02  7.3894820E-03  9.3937268E-03  3.1664498E-04  0.0000000E+00
  3.6000000E+02  1.9081171E-02  7.3024585E-03  9.2601734E-03  3.0731499E-04  0.0000000E+00
  3.6000000E+02  1.8824227E-02  7.2163870E-03  9.1281284E-03  2.9830627E-04  0.0000000E+00
  3.6000000E+02  1.8569595E-02  7.1312591E-03  8.9976267E-03  2.8960903E-04  0.0000000E+00
  3.6000000E+02  1.8317309E-02  7.0470384E-03  8.8686440E-03  2.8121124E-04  0.0000000E+00
  3.6000000E+02  1.8067424E-02  6.9636647E-03  8.7411036E-03  2.7309869E-04  0.0000000E+00
  3.6000000E+02  1.7819983E-02  6.8810602E-03  8.6148809E-03  2.6525559E-04  0.0000000E+00
  3.6000000E+02  1.7574974E-02  6.7991381E-03  8.4898077E-03  2.5766562E-04  0.0000000E+00
  3.6000000E+02  1.7332296E-02  6.7178130E-03  8.3656789E-03  2.5031333E-04  0.0000000E+00
  3.6000000E+02  1.7091737E-02  6.6370111E-03  8.2422648E-03  2.4318571E-04  0.0000000E+00
  3.6000000E+02  1.6852970E-02  6.5566809E-03  8.1193313E-03  2.3627386E-04  0.0000000E+00
  3.6000000E+02  1.6615584E-02  6.4768026E-03  7.9966708E-03  2.2957459E-04  0.0000000E+00
  3.6000000E+02  1.6379146E-02  6.3973953E-03  7.8741469E-03  2.2309184E-04  0.0000000E+00
  3.6000000E+02  1.6143469E-02  6.3185160E-03  7.7519074E-03  2.1683161E-04  0.0000000E+00
  3.6000000E+02  1.5911426E-02  6.2400747E-03  7.6330572E-03  2.1065776E-04  0.0000000E+00
  3.6000000E+02  1.5679293E-02  6.1621859E-03  7.5136299E-03  2.0470089E-04  0.0000000E+00
  3.6000000E+02  1.5447778E-02  6.0848339E-03  7.3943429E-03  1.9892578E-04  0.0000000E+00
  3.6000000E+02  1.5217261E-02  6.0080407E-03  7.2756104E-03  1.9331169E-04  0.0000000E+00
  3.6000000E+02  1.4987916E-02  5.9318523E-03  7.1576472E-03  1.8784773E-04  0.0000000E+00
  3.6000000E+02  1.4759803E-02  5.8563270E-03  7.0405503E-03  1.8252909E-04  0.0000000E+00
  3.6000000E+02  1.4532932E-02  5.7815253E-03  6.9243612E-03  1.7735419E-04  0.0000000E+00
  3.6000000E+02  1.4307298E-02  5.7075027E-03  6.8091092E-03  1.7232258E-04  0.0000000E+00
  3.6000000E+02  1.4082906E-02  5.6343029E-03  6.6948403E-03  1.6743354E-04  0.0000000E+00
  3.6000000E+02  1.3859772E-02  5.5619549E-03  6.5816320E-03  1.6268523E-04  0.0000000E+00
  3.6000000E+02  1.3637918E-02  5.4904702E-03  6.4695970E-03  1.5807436E-04  0.0000000E+00
  3.6000000E+02  1.3417363E-02  5.4198434E-03  6.3588780E-03  1.5359627E-04  0.0000000E+00
  3.6000000E+02  1.3198099E-02  5.3500541E-03  6.2496352E-03  1.4924527E-04  0.0000000E+00
  3.6000000E+02  1.2980091E-02  5.2810706E-03  6.1420293E-03  1.4501526E-04  0.0000000E+00
  3.6000000E+02  1.2763257E-02  5.2128567E-03  6.0362020E-03  1.4090042E-04  0.0000000E+00
  3.6000000E+02  0.0000000E+00  0.0000000E+00  0.0000000E+00  3.9343799E-03  0.0000000E+00
  3.6000000E+02  2.3193358E-02  8.2517523E-04  6.1352220E-03  3.8897901E-03  0.0000000E+00
  3.6000000E+02  6.1711690E-02  2.2750393E-03  1.3557847E-02  3.8084184E-03  0.0000000E+00
  3.6000000E+02  9.0340738E-02  3.8171095E-03  1.7299389E-02  3.6836166E-03  0.0000000E+00
  3.6000000E+02  1.0718394E-01  5.4254019E-03  1.8521990E-02  3.5472101E-03  0.0000000E+00
  3.6000000E+02  1.1597808E-01  7.0370347E-03  1.8574653E-02  3.4203982E-03  0.0000000E+00
  3.6000000E+02  1.1957738E-01  8.5614884E-03  1.8226496E-02  3.3100652E-03  0.0000000E+00
  3.6000000E+02  1.1974369E-01  9.9284303E-03  1.7860932E-02  3.2154829E-03  0.0000000E+00
  3.6000000E+02  1.1759209E-01  1.1096988E-02  1.7645264E-02  3.1328740E-03  0.0000000E+00
  3.6000000E+02  1.1387992E-01  1.2049875E-02  1.7618516E-02  3.0579001E-03  0.0000000E+00
  3.6000000E+02  1.0913542E-01  1.2784646E-02  1.7753049E-02  2.9866025E-03  0.0000000E+00
  3.6000000E+02  1.0374434E-01  1.3312524E-02  1.7994793E-02  2.9157656E-03  0.0000000E+00
  3.6000000E+02  9.7992220E-02  1.3652936E-02  1.8282148E-02  2.8430561E-03  0.0000000E+00
  3.6000000E+02  9.2093297E-02  1.3829710E-02  1.8558360E-02  2.7669036E-03  0.0000000E+00
  3.6000000E+02  8.6206516E-02  1.3869064E-02  1.8778935E-02  2.6863607E-03  0.0000000E+00
  3.6000000E+02  8.0448004E-02  1.3797987E-02  1.8915835E-02  2.6011049E-03  0.0000000E+00
  3.6000000E+02  7.4909146E-02  1.3641618E-02  1.8960159E-02  2.5117423E-03  0.0000000E+00
  3.6000000E+02  6.9672130E-02  1.3426797E-02  1.8922643E-02  2.4181135E-03  0.0000000E+00
  3.6000000E+02  6.4755120E-02  1.3173024E-02  1.8792410E-02  2.3220417E-03  0.0000000E+00
  3.6000000E+02  6.0194534E-02  1.2899563E-02  1.8589527E-02  2.2243688E-03  0.0000000E+00
  3.6000000E+02  5.6010188E-02  1.2622971E-02  1.8333118E-02  2.1261806E-03  0.0000000E+00
  3.6000000E+02  5.2208029E-02  1.2355923E-02  1.8039324E-02  2.0286290E-03  0.0000000E+00
  3.6000000E+02  4.8783536E-02  1.2107040E-02  1.7721190E-02  1.9327333E-03  0.0000000E+00
  3.6000000E+02  4.5724282E-02  1.1881192E-02  1.7388917E-02  1.8392897E-03  0.0000000E+00
  3.6000000E+02  4.3011893E-02  1.1680136E-02  1.7050377E-02  1.7488606E-03  0.0000000E+00
  3.6000000E+02  4.0623674E-02  1.1503353E-02  1.6711792E-02  1.6618176E-03  0.0000000E+00
  3.6000000E+02  3.8534167E-02  1.1348948E-02  1.6378449E-02  1.5784126E-03  0.0000000E+00
  3.6000000E+02  3.6716867E-02  1.1214465E-02  1.6055365E-02  1.4988485E-03  0.0000000E+00
  3.6000000E+02  3.5147063E-02  1.1097420E-02  1.5748272E-02  1.4232944E-03  0.0000000E+00
  3.6000000E+02  3.3809084E-02  1.0992972E-02  1.5465832E-02  1.3512714E-03  0.0000000E+00
  3.6000000E+02  3.2660662E-02  1.0898480E-02  1.5195888E-02  1.2833588E-03  0.0000000E+00
  3.6000000E+02  3.1680059E-02  1.0810722E-02  1.4941431E-02  1.2193933E-03  0.0000000E+00
  3.6000000E+02  3.0844018E-02  1.0727130E-02  1.4702689E-02  1.1592539E-03  0.0000000E+00
  3.6000000E+02  3.0129630E-02  1.0645627E-02  1.4478591E-02  1.1028199E-03  0.0000000E+00
  3.6000000E+02  2.9515559E-02  1.0564523E-02  1.4267657E-02  1.0499480E-03  0.0000000E+00
  3.6000000E+02  2.8982710E-02  1.0482444E-02  1.4068433E-02  1.0004653E-03  0.0000000E+00
  3.6000000E+02  2.8514479E-02  1.0398305E-02  1.3879607E-02  9.5417212E-04  0.0000000E+00
  3.6000000E+02  2.8096688E-02  1.0311292E-02  1.3699903E-02  9.1085421E-04  0.0000000E+00
  3.6000000E+02  2.7717325E-02  1.0220877E-02  1.3527909E-02  8.7029681E-04  0.0000000E+00
  3.6000000E+02  2.7366209E-02  1.0126829E-02  1.3361926E-02  8.3229931E-04  0.0000000E+00
  3.6000000E+02  2.7034691E-02  1.0029233E-02  1.3199986E-02  7.9668524E-04  0.0000000E+00
  3.6000000E+02  2.6715506E-02  9.9284965E-03  1.3040147E-02  7.6330417E-04  0.0000000E+00
  3.6000000E+02  2.6402896E-02  9.8253424E-03  1.2881195E-02  7.3202155E-04  0.0000000E+00
  3.6000000E+02  2.6098552E-02  9.7199216E-03  1.2727310E-02  7.0249037E-04  0.0000000E+00
  3.6000000E+02  2.5796763E-02  9.6126174E-03  1.2572661E-02  6.7461863E-04  0.0000000E+00
  3.6000000E+02  2.5493468E-02  9.5039997E-03  1.2416023E-02  6.4830931E-04  0.0000000E+00
  3.6000000E+02  2.5188795E-02  9.3943581E-03  1.2259445E-02  6.2338378E-04  0.0000000E+00
  3.6000000E+02  2.4882485E-02  9.2841177E-03  1.2103942E-02  5.9972429E-04  0.0000000E+00
  3.6000000E+02  2.4574264E-02  9.1737320E-03  1.1949914E-02  5.7724574E-04  0.0000000E+00
  3.6000000E+02  2.4264050E-02  9.0636071E-03  1.1797436E-02  5.5587685E-04  0.0000000E+00
  3.6000000E+02  2.3952048E-02  8.9540532E-03  1.1646433E-02  5.3554914E-04  0.0000000E+00
  3.6000000E+02  2.3638733E-02  8.8452609E-03  1.1496781E-02  5.1619236E-04  0.0000000E+00
  3.6000000E+02  2.3324773E-02  8.7373000E-03  1.1348322E-02  4.9773450E-04  0.0000000E+00
  3.6000000E+02  2.3010904E-02  8.6301369E-03  1.1200857E-02  4.8010515E-04  0.0000000E+00
  3.6000000E+02  2.2697789E-02  8.5236685E-03  1.1054099E-02  4.6324045E-04  0.0000000E+00
  3.6000000E+02  2.2385897E-02  8.4177703E-03  1.0907637E-02  4.4708812E-04  0.0000000E+00
  3.6000000E+02  2.2075414E-02  8.3123542E-03  1.0760913E-02  4.3161108E-04  0.0000000E+00
  3.6000000E+02  2.1766232E-02  8.2074354E-03  1.0613248E-02  4.1678803E-04  0.0000000E+00
  3.6000000E+02  2.1458029E-02  8.1032036E-03  1.0463932E-02  4.0260943E-04  0.0000000E+00
  3.6000000E+02  2.1151045E-02  8.0000367E-03  1.0312912E-02  3.8904965E-04  0.0000000E+00
  3.6000000E+02  2.0850297E-02  7.8975207E-03  1.0164900E-02  3.7591129E-04  0.0000000E+00
  3.6000000E+02  2.0549584E-02  7.7960899E-03  1.0014089E-02  3.6335503E-04  0.0000000E+00
  3.6000000E+02  2.0250812E-02  7.6956168E-03  9.8622085E-03  3.5130362E-04  0.0000000E+00
  3.6000000E+02  1.9954854E-02  7.5960944E-03  9.7104393E-03  3.3971057E-04  0.0000000E+00
  3.6000000E+02  1.9661977E-02  7.4975769E-03  9.5595631E-03  3.2854892E-04  0.0000000E+00
  3.6000000E+02  1.9372154E-02  7.4001365E-03  9.4100780E-03  3.1780271E-04  0.0000000E+00
  3.6000000E+02  1.9085268E-02  7.3038324E-03  9.2622817E-03  3.0746056E-04  0.0000000E+00
  3.6000000E+02  1.8801229E-02  7.2086917E-03  9.1163269E-03  2.9751139E-04  0.0000000E+00
  3.6000000E+02  1.8520020E-02  7.1147016E-03  8.9722583E-03  2.8794186E-04  0.0000000E+00
  3.6000000E+02  1.8241692E-02  7.0218081E-03  8.8300323E-03  2.7873525E-04  0.0000000E+00
  3.6000000E+02  1.7966319E-02  6.9299230E-03  8.6895290E-03  2.6987175E-04  0.0000000E+00
  3.6000000E+02  1.7693937E-02  6.8389358E-03  8.5505585E-03  2.6132960E-04  0.0000000E+00
  3.6000000E+02  1.7424481E-02  6.7487287E-03  8.4128690E-03  2.5308707E-04  0.0000000E+00
  3.6000000E+02  1.7157728E-02  6.6591935E-03  8.2761624E-03  2.4512494E-04  0.0000000E+00
  3.6000000E+02  1.6893287E-02  6.5702499E-03  8.1401212E-03  2.3742917E-04  0.0000000E+00
  3.6000000E+02  1.6630623E-02  6.4818607E-03  8.0044538E-03  2.2999359E-04  0.0000000E+00
  3.6000000E+02  1.6369153E-02  6.3940454E-03  7.8689630E-03  2.2282236E-04  0.0000000E+00
  3.6000000E+02  1.6109138E-02  6.3068582E-03  7.7343754E-03  2.1590138E-04  0.0000000E+00
  3.6000000E+02  1.5852445E-02  6.2202425E-03  7.6027464E-03  2.0912604E-04  0.0000000E+00
  3.6000000E+02  1.5595900E-02  6.1342932E-03  7.4706687E-03  2.0260348E-04  0.0000000E+00
  3.6000000E+02  1.5340309E-02  6.0490065E-03  7.3389744E-03  1.9629262E-04  0.0000000E+00
  3.6000000E+02  1.5086057E-02  5.9644269E-03  7.2081005E-03  1.9017146E-04  0.0000000E+00
  3.6000000E+02  1.4833291E-02  5.8806267E-03  7.0782457E-03  1.8422994E-04  0.0000000E+00
  3.6000000E+02  1.4582042E-02  5.7976878E-03  6.9494878E-03  1.7846460E-04  0.0000000E+00
  3.6000000E+02  1.4332307E-02  5.7156875E-03  6.8218675E-03  1.7287459E-04  0.0000000E+00
  3.6000000E+02  1.4084090E-02  5.6346880E-03  6.6954422E-03  1.6745904E-04  0.0000000E+00
  3.6000000E+02  1.3837411E-02  5.5547295E-03  6.5703140E-03  1.6221556E-04  0.0000000E+00
  3.6000000E+02  1.3592300E-02  5.4758267E-03  6.4466374E-03  1.5713962E-04  0.0000000E+00
  3.6000000E+02  1.3348778E-02  5.3979687E-03  6.3246096E-03  1.5222466E-04  0.0000000E+00
  3.6000000E+02  1.3106825E-02  5.3211237E-03  6.2044491E-03  1.4746280E-04  0.0000000E+00
  3.6000000E+02  1.2866371E-02  5.2452459E-03  6.0863664E-03  1.4284584E-04  0.0000000E+00
  3.6000000E+02  1.2627284E-02  5.1702866E-03  5.9705310E-03  1.3836648E-04  0.0000000E+00
  3.6000000E+02  1.2389391E-02  5.0962099E-03  5.8570394E-03  1.3401953E-04  0.0000000E+00
  3.6000000E+02  1.2152528E-02  5.0230103E-03  5.7458891E-03  1.2980289E-04  0.0000000E+00
  3.6000000E+02  1.1916627E-02  4.9507356E-03  5.6369613E-03  1.2571818E-04  0.0000000E+00
  3.6000000E+02  1.1681857E-02  4.8795129E-03  5.5300185E-03  1.2177076E-04  0.0000000E+00
  3.6000000E+02  1.1449217E-02  4.8093604E-03  5.4260057E-03  1.1792364E-04  0.0000000E+00
  3.6000000E+02  1.1218467E-02  4.7402470E-03  5.3244300E-03  1.1418682E-04  0.0000000E+00
  3.6000000E+02  1.0988786E-02  4.6723396E-03  5.2244019E-03  1.1058566E-04  0.0000000E+00
  3.6000000E+02  1.0760156E-02  4.6056735E-03  5.1260945E-03  1.0710812E-04  0.0000000E+00
  3.6000000E+02  1.0532812E-02  4.5402609E-03  5.0296537E-03  1.0374425E-04  0.0000000E+00
  3.6000000E+02  2.3272157E-21  1.0090469E-21  1.3534607E-20  3.9343799E-03  0.0000000E+00
  3.6000000E+02  1.9651766E-02  7.0107505E-04  5.3034071E-03  3.8947666E-03  0.0000000E+00
  3.6000000E+02  5.4767734E-02  1.9871906E-03  1.2418202E-02  3.8282057E-03  0.0000000E+00
  3.6000000E+02  8.3461352E-02  3.3666558E-03  1.6555036E-02  3.7219721E-03  0.0000000E+00
  3.6000000E+02  1.0189450E-01  4.8046974E-03  1.8252843E-02  3.5990812E-03  0.0000000E+00
  3.6000000E+02  1.1255724E-01  6.2712896E-03  1.8634279E-02  3.4791732E-03  0.0000000E+00
  3.6000000E+02  1.1802956E-01  7.7017436E-03  1.8447465E-02  3.3713496E-03  0.0000000E+00
  3.6000000E+02  1.1994124E-01  9.0326059E-03  1.8095265E-02  3.2772264E-03  0.0000000E+00
  3.6000000E+02  1.1941181E-01  1.0221586E-02  1.7793762E-02  3.1952400E-03  0.0000000E+00
  3.6000000E+02  1.1715657E-01  1.1242311E-02  1.7630470E-02  3.1221088E-03  0.0000000E+00
  3.6000000E+02  1.1369368E-01  1.2085970E-02  1.7621313E-02  3.0547803E-03  0.0000000E+00
  3.6000000E+02  1.0940413E-01  1.2751274E-02  1.7742764E-02  2.9903193E-03  0.0000000E+00
  3.6000000E+02  1.0457278E-01  1.3246598E-02  1.7954574E-02  2.9263437E-03  0.0000000E+00
  3.6000000E+02  9.9416560E-02  1.3585925E-02  1.8211049E-02  2.8610674E-03  0.0000000E+00
  3.6000000E+02  9.4102820E-02  1.3786417E-02  1.8468850E-02  2.7932305E-03  0.0000000E+00
  3.6000000E+02  8.8759902E-02  1.3867085E-02  1.8691945E-02  2.7220060E-03  0.0000000E+00
  3.6000000E+02  8.3484517E-02  1.3847868E-02  1.8854564E-02  2.6469620E-03  0.0000000E+00
  3.6000000E+02  7.8350487E-02  1.3748407E-02  1.8943018E-02  2.5681594E-03  0.0000000E+00
  3.6000000E+02  7.3425701E-02  1.3586876E-02  1.8959443E-02  2.4861105E-03  0.0000000E+00
  3.6000000E+02  6.8753054E-02  1.3382975E-02  1.8905313E-02  2.4008046E-03  0.0000000E+00
  3.6000000E+02  6.4347923E-02  1.3149987E-02  1.8777505E-02  2.3136788E-03  0.0000000E+00
  3.6000000E+02  6.0236412E-02  1.2902218E-02  1.8591751E-02  2.2253078E-03  0.0000000E+00
  3.6000000E+02  5.6432655E-02  1.2651823E-02  1.8362123E-02  2.1365056E-03  0.0000000E+00
  3.6000000E+02  5.2941504E-02  1.2408350E-02  1.8100694E-02  2.0481295E-03  0.0000000E+00
  3.6000000E+02  4.9760621E-02  1.2178622E-02  1.7817450E-02  1.9609562E-03  0.0000000E+00
  3.6000000E+02  4.6882087E-02  1.1966884E-02  1.7520421E-02  1.8756187E-03  0.0000000E+00
  3.6000000E+02  4.4293655E-02  1.1775152E-02  1.7215958E-02  1.7925898E-03  0.0000000E+00
  3.6000000E+02  4.1979784E-02  1.1603685E-02  1.6909124E-02  1.7121997E-03  0.0000000E+00
  3.6000000E+02  3.9922569E-02  1.1451531E-02  1.6604120E-02  1.6346738E-03  0.0000000E+00
  3.6000000E+02  3.8102706E-02  1.1317059E-02  1.6304719E-02  1.5601784E-03  0.0000000E+00
  3.6000000E+02  3.6500606E-02  1.1198417E-02  1.6014642E-02  1.4888603E-03  0.0000000E+00
  3.6000000E+02  3.5098979E-02  1.1093720E-02  1.5738676E-02  1.4208132E-03  0.0000000E+00
  3.6000000E+02  3.3886570E-02  1.0999142E-02  1.5483087E-02  1.3556293E-03  0.0000000E+00
  3.6000000E+02  3.2830247E-02  1.0912878E-02  1.5237516E-02  1.2938160E-03  0.0000000E+00
  3.6000000E+02  3.1914122E-02  1.0832490E-02  1.5004449E-02  1.2352476E-03  0.0000000E+00
  3.6000000E+02  3.1121060E-02  1.0755993E-02  1.4784343E-02  1.1798320E-03  0.0000000E+00
  3.6000000E+02  3.0433905E-02  1.0681752E-02  1.4576593E-02  1.1274826E-03  0.0000000E+00
  3.6000000E+02  2.9836322E-02  1.0608414E-02  1.4380159E-02  1.0781017E-03  0.0000000E+00
  3.6000000E+02  2.9313325E-02  1.0534852E-02  1.4193929E-02  1.0315722E-03  0.0000000E+00
  3.6000000E+02  2.8851543E-02  1.0460140E-02  1.4016871E-02  9.8775726E-04  0.0000000E+00
  3.6000000E+02  2.8439280E-02  1.0383540E-02  1.3848039E-02  9.4650463E-04  0.0000000E+00
  3.6000000E+02  2.8066427E-02  1.0304495E-02  1.3686483E-02  9.0765443E-04  0.0000000E+00
  3.6000000E+02  2.7724290E-02  1.0222641E-02  1.3531138E-02  8.7104840E-04  0.0000000E+00
  3.6000000E+02  2.7405382E-02  1.0137813E-02  1.3380742E-02  8.3653844E-04  0.0000000E+00
  3.6000000E+02  2.7103237E-02  1.0050059E-02  1.3233844E-02  8.0399267E-04  0.0000000E+00
  3.6000000E+02  2.6812315E-02  9.9596403E-03  1.3088968E-02  7.7329710E-04  0.0000000E+00
  3.6000000E+02  2.6528042E-02  9.8670334E-03  1.2944989E-02  7.4435087E-04  0.0000000E+00
  3.6000000E+02  2.6247889E-02  9.7728078E-03  1.2802471E-02  7.1702300E-04  0.0000000E+00
  3.6000000E+02  2.5976036E-02  9.6764486E-03  1.2664845E-02  6.9095141E-04  0.0000000E+00
  3.6000000E+02  2.5702579E-02  9.5789679E-03  1.2524037E-02  6.6627884E-04  0.0000000E+00
  3.6000000E+02  2.5427991E-02  9.4804658E-03  1.2382258E-02  6.4283041E-04  0.0000000E+00
  3.6000000E+02  2.5152247E-02  9.3811940E-03  1.2240775E-02  6.2048892E-04  0.0000000E+00
  3.6000000E+02  2.4875135E-02  9.2814769E-03  1.2100239E-02  5.9917304E-04  0.0000000E+00
  3.6000000E+02  2.4596452E-02  9.1816501E-03  1.1960917E-02  5.7882126E-04  0.0000000E+00
  3.6000000E+02  2.4316133E-02  9.0820163E-03  1.1822865E-02  5.5938092E-04  0.0000000E+00
  3.6000000E+02  2.4034304E-02  8.9828149E-03  1.1686034E-02  5.4080149E-04  0.0000000E+00
  3.6000000E+02  2.3751278E-02  8.8842067E-03  1.1550338E-02  5.2303140E-04  0.0000000E+00
  3.6000000E+02  2.3467515E-02  8.7862702E-03  1.1415666E-02  5.0601759E-04  0.0000000E+00
  3.6000000E+02  2.3183553E-02  8.6890086E-03  1.1281889E-02  4.8970702E-04  0.0000000E+00
  3.6000000E+02  2.2899925E-02  8.5923670E-03  1.1148832E-02  4.7404947E-04  0.0000000E+00
  3.6000000E+02  2.2617075E-02  8.4962573E-03  1.1016249E-02  4.5900064E-04  0.0000000E+00
  3.6000000E+02  2.2335291E-02  8.4005896E-03  1.0883802E-02  4.4452508E-04  0.0000000E+00
  3.6000000E+02  2.2054665E-02  8.3053096E-03  1.0751059E-02  4.3059787E-04  0.0000000E+00
  3.6000000E+02  2.1775093E-02  8.2104392E-03  1.0617507E-02  4.1720455E-04  0.0000000E+00
  3.6000000E+02  2.1496330E-02  8.1161207E-03  1.0482619E-02  4.0433838E-04  0.0000000E+00
  3.6000000E+02  2.1218120E-02  8.0226605E-03  1.0345953E-02  3.9199412E-04  0.0000000E+00
  3.6000000E+02  2.0945394E-02  7.9297663E-03  1.0212043E-02  3.7999262E-04  0.0000000E+00
  3.6000000E+02  2.0673167E-02  7.8377072E-03  1.0076358E-02  3.6845702E-04  0.0000000E+00
  3.6000000E+02  2.0402027E-02  7.7464573E-03  9.9392879E-03  3.5735619E-04  0.0000000E+00
  3.6000000E+02  2.0132917E-02  7.6559776E-03  9.8018722E-03  3.4664665E-04  0.0000000E+00
  3.6000000E+02  1.9866244E-02  7.5662886E-03  9.6648385E-03  3.3630151E-04  0.0000000E+00
  3.6000000E+02  1.9602102E-02  7.4774391E-03  9.5286818E-03  3.2630444E-04  0.0000000E+00
  3.6000000E+02  1.9340441E-02  7.3894820E-03  9.3937268E-03  3.1664498E-04  0.0000000E+00
  3.6000000E+02  1.9081171E-02  7.3024585E-03  9.2601734E-03  3.0731499E-04  0.0000000E+00
  3.6000000E+02  1.8824227E-02  7.2163870E-03  9.1281284E-03  2.9830627E-04  0.0000000E+00
  3.6000000E+02  1.8569595E-02  7.1312591E-03  8.9976267E-03  2.8960903E-04  0.0000000E+00
  3.6000000E+02  1.8317309E-02  7.0470384E-03  8.8686440E-03  2.8121124E-04  0.0000000E+00
  3.6000000E+02  1.8067424E-02  6.9636647E-03  8.7411036E-03  2.7309869E-04  0.0000000E+00
  3.6000000E+02  1.7819983E-02  6.8810602E-03  8.6148809E-03  2.6525559E-04  0.0000000E+00
  3.6000000E+02  1.7574974E-02  6.7991381E-03  8.4898077E-03  2.5766562E-04  0.0000000E+00
  3.6000000E+02  1.7332296E-02  6.7178130E-03  8.3656789E-03  2.5031333E-04  0.0000000E+00
  3.6000000E+02  1.7091737E-02  6.6370111E-03  8.2422648E-03  2.4318571E-04  0.0000000E+00
  3.6000000E+02  1.6852970E-02  6.5566809E-03  8.1193313E-03  2.3627386E-04  0.0000000E+00
  3.6000000E+02  1.6615584E-02  6.4768026E-03  7.9966708E-03  2.2957459E-04  0.0000000E+00
  3.6000000E+02  1.6379146E-02  6.3973953E-03  7.8741469E-03  2.2309184E-04  0.0000000E+00
  3.6000000E+02  1.6143469E-02  6.3185160E-03  7.7519074E-03  2.1683161E-04  0.0000000E+00
  3.6000000E+02  1.5911426E-02  6.2400747E-03  7.6330572E-03  2.1065776E-04  0.0000000E+00
  3.6000000E+02  1.5679293E-02  6.1621859E-03  7.5136299E-03  2.0470089E-04  0.0000000E+00
  3.6000000E+02  1.5447778E-02  6.0848339E-03  7.3943429E-03  1.9892578E-04  0.0000000E+00
  3.6000000E+02  1.5217261E-02  6.0080407E-03  7.2756104E-03  1.9331169E-04  0.0000000E+00
  3.6000000E+02  1.4987916E-02  5.9318523E-03  7.1576472E-03  1.8784773E-04  0.0000000E+00
  3.6000000E+02  1.4759803E-02  5.8563270E-03  7.0405503E-03  1.8252909E-04  0.0000000E+00
  3.6000000E+02  1.4532932E-02  5.7815253E-03  6.9243612E-03  1.7735419E-04  0.0000000E+00
  3.6000000E+02  1.4307298E-02  5.7075027E-03  6.8091092E-03  1.7232258E-04  0.0000000E+00
  3.6000000E+02  1.4082906E-02  5.6343029E-03  6.6948403E-03  1.6743354E-04  0.0000000E+00
  3.6000000E+02  1.3859772E-02  5.5619549E-03  6.5816320E-03  1.6268523E-04  0.0000000E+00
  3.6000000E+02  1.3637918E-02  5.4904702E-03  6.4695970E-03  1.5807436E-04  0.0000000E+00
  3.6000000E+02  1.3417363E-02  5.4198434E-03  6.3588780E-03  1.5359627E-04  0.0000000E+00
  3.6000000E+02  1.3198099E-02  5.3500541E-03  6.2496352E-03  1.4924527E-04  0.0000000E+00
  3.6000000E+02  1.2980091E-02  5.2810706E-03  6.1420293E-03  1.4501526E-04  0.0000000E+00
  3.6000000E+02  1.2763257E-02  5.2128567E-03  6.0362020E-03  1.4090042E-04  0.0000000E+00
