          atime          uvcov          vwcov          wucov         pm1avg           tavg
  2.0799350E+02  0.0000000E+00  0.0000000E+00  0.0000000E+00  2.2723083E-02  0.0000000E+00
  2.0799350E+02  4.5630322E-10  0.0000000E+00  0.0000000E+00  2.2723404E-02  0.0000000E+00
  2.0799350E+02  1.8313745E-09  0.0000000E+00  0.0000000E+00  2.2724345E-02  0.0000000E+00
  2.0799350E+02  6.5072928E-09  0.0000000E+00  0.0000000E+00  2.2725830E-02  0.0000000E+00
  2.0799350E+02  2.1666739E-08  0.0000000E+00  0.0000000E+00  2.2727699E-02  0.0000000E+00
  2.0799350E+02  4.8676468E-08  0.0000000E+00  0.0000000E+00  2.2729641E-02  0.0000000E+00
  2.0799350E+02  4.0452245E-08  0.0000000E+00  0.0000000E+00  2.2731077E-02  0.0000000E+00
  2.0799350E+02 -1.9343488E-07  0.0000000E+00  0.0000000E+00  2.2730983E-02  0.0000000E+00
  2.0799350E+02 -1.1495818E-06  0.0000000E+00  0.0000000E+00  2.2727662E-02  0.0000000E+00
  2.0799350E+02 -3.8655032E-06  0.0000000E+00  0.0000000E+00  2.2718489E-02  0.0000000E+00
  2.0799350E+02 -1.0209038E-05  0.0000000E+00  0.0000000E+00  2.2699682E-02  0.0000000E+00
  2.0799350E+02 -2.3174902E-05  0.0000000E+00  0.0000000E+00  2.2666188E-02  0.0000000E+00
  2.0799350E+02 -4.7119540E-05  0.0000000E+00  0.0000000E+00  2.2611715E-02  0.0000000E+00
  2.0799350E+02 -8.7882337E-05  0.0000000E+00  0.0000000E+00  2.2528901E-02  0.0000000E+00
  2.0799350E+02 -1.5243009E-04  0.0000000E+00  0.0000000E+00  2.2410112E-02  0.0000000E+00
  2.0799350E+02 -2.4858807E-04  0.0000000E+00  0.0000000E+00  2.2247523E-02  0.0000000E+00
  2.0799350E+02 -3.8375224E-04  0.0000000E+00  0.0000000E+00  2.2034465E-02  0.0000000E+00
  2.0799350E+02 -5.6470089E-04  0.0000000E+00  0.0000000E+00  2.1765805E-02  0.0000000E+00
  2.0799350E+02 -7.9609741E-04  0.0000000E+00  0.0000000E+00  2.1438256E-02  0.0000000E+00
  2.0799350E+02 -1.0804194E-03  0.0000000E+00  0.0000000E+00  2.1050610E-02  0.0000000E+00
  2.0799350E+02 -1.4179582E-03  0.0000000E+00  0.0000000E+00  2.0604898E-02  0.0000000E+00
  2.0799350E+02 -1.8077353E-03  0.0000000E+00  0.0000000E+00  2.0104553E-02  0.0000000E+00
  2.0799350E+02 -2.2465306E-03  0.0000000E+00  0.0000000E+00  1.9555830E-02  0.0000000E+00
  2.0799350E+02 -2.7308082E-03  0.0000000E+00  0.0000000E+00  1.8965554E-02  0.0000000E+00
  2.0799350E+02 -3.2559024E-03  0.0000000E+00  0.0000000E+00  1.8342390E-02  0.0000000E+00
  2.0799350E+02 -3.8173679E-03  0.0000000E+00  0.0000000E+00  1.7695361E-02  0.0000000E+00
  2.0799350E+02 -4.4111447E-03  0.0000000E+00  0.0000000E+00  1.7033744E-02  0.0000000E+00
  2.0799350E+02 -5.0334829E-03  0.0000000E+00  0.0000000E+00  1.6367024E-02  0.0000000E+00
  2.0799350E+02 -5.6818727E-03  0.0000000E+00  0.0000000E+00  1.5703609E-02  0.0000000E+00
  2.0799350E+02 -6.3531470E-03  0.0000000E+00  0.0000000E+00  1.5052376E-02  0.0000000E+00
  2.0799350E+02 -7.0449040E-03  0.0000000E+00  0.0000000E+00  1.4420737E-02  0.0000000E+00
  2.0799350E+02 -7.7538570E-03  0.0000000E+00  0.0000000E+00  1.3815992E-02  0.0000000E+00
  2.0799350E+02 -8.4758801E-03  0.0000000E+00  0.0000000E+00  1.3245248E-02  0.0000000E+00
  2.0799350E+02 -9.2091688E-03  0.0000000E+00  0.0000000E+00  1.2713461E-02  0.0000000E+00
  2.0799350E+02 -9.9488838E-03  0.0000000E+00  0.0000000E+00  1.2226883E-02  0.0000000E+00
  2.0799350E+02 -1.0690092E-02  0.0000000E+00  0.0000000E+00  1.1789545E-02  0.0000000E+00
  2.0799350E+02 -1.1426168E-02  0.0000000E+00  0.0000000E+00  1.1405485E-02  0.0000000E+00
  2.0799350E+02 -1.2150729E-02  0.0000000E+00  0.0000000E+00  1.1078202E-02  0.0000000E+00
  2.0799350E+02 -1.2854092E-02  0.0000000E+00  0.0000000E+00  1.0812171E-02  0.0000000E+00
  2.0799350E+02 -1.3527501E-02  0.0000000E+00  0.0000000E+00  1.0610661E-02  0.0000000E+00
  2.0799350E+02 -1.4162485E-02  0.0000000E+00  0.0000000E+00  1.0476335E-02  0.0000000E+00
  2.0799350E+02 -1.4747539E-02  0.0000000E+00  0.0000000E+00  1.0411795E-02  0.0000000E+00
  2.0799350E+02 -1.5271871E-02  0.0000000E+00  0.0000000E+00  1.0418306E-02  0.0000000E+00
  2.0799350E+02 -1.5725076E-02  0.0000000E+00  0.0000000E+00  1.0496165E-02  0.0000000E+00
  2.0799350E+02 -1.6094724E-02  0.0000000E+00  0.0000000E+00  1.0643887E-02  0.0000000E+00
  2.0799350E+02 -1.6371454E-02  0.0000000E+00  0.0000000E+00  1.0858893E-02  0.0000000E+00
  2.0799350E+02 -1.6547005E-02  0.0000000E+00  0.0000000E+00  1.1137715E-02  0.0000000E+00
  2.0799350E+02 -1.6615495E-02  0.0000000E+00  0.0000000E+00  1.1474697E-02  0.0000000E+00
  2.0799350E+02 -1.6577143E-02  0.0000000E+00  0.0000000E+00  1.1864900E-02  0.0000000E+00
  2.0799350E+02 -1.6439615E-02  0.0000000E+00  0.0000000E+00  1.2305759E-02  0.0000000E+00
  2.0799350E+02 -1.6196494E-02  0.0000000E+00  0.0000000E+00  1.2783452E-02  0.0000000E+00
  2.0799350E+02 -1.5860082E-02  0.0000000E+00  0.0000000E+00  1.3291442E-02  0.0000000E+00
  2.0799350E+02 -1.5441309E-02  0.0000000E+00  0.0000000E+00  1.3820068E-02  0.0000000E+00
  2.0799350E+02 -1.4948982E-02  0.0000000E+00  0.0000000E+00  1.4355795E-02  0.0000000E+00
  2.0799350E+02 -1.4392299E-02  0.0000000E+00  0.0000000E+00  1.4887567E-02  0.0000000E+00
  2.0799350E+02 -1.3785440E-02  0.0000000E+00  0.0000000E+00  1.5402340E-02  0.0000000E+00
  2.0799350E+02 -1.3140709E-02  0.0000000E+00  0.0000000E+00  1.5891304E-02  0.0000000E+00
  2.0799350E+02 -1.2471782E-02  0.0000000E+00  0.0000000E+00  1.6346002E-02  0.0000000E+00
  2.0799350E+02 -1.1798576E-02  0.0000000E+00  0.0000000E+00  1.6755437E-02  0.0000000E+00
  2.0799350E+02 -1.1137750E-02  0.0000000E+00  0.0000000E+00  1.7112564E-02  0.0000000E+00
  2.0799350E+02 -1.0501983E-02  0.0000000E+00  0.0000000E+00  1.7413339E-02  0.0000000E+00
  2.0799350E+02 -9.9097510E-03  0.0000000E+00  0.0000000E+00  1.7652017E-02  0.0000000E+00
  2.0799350E+02 -9.3687824E-03  0.0000000E+00  0.0000000E+00  1.7828758E-02  0.0000000E+00
  2.0799350E+02 -8.8851520E-03  0.0000000E+00  0.0000000E+00  1.7944608E-02  0.0000000E+00
  2.0799350E+02 -8.4659224E-03  0.0000000E+00  0.0000000E+00  1.8001569E-02  0.0000000E+00
  2.0799350E+02 -8.1061843E-03  0.0000000E+00  0.0000000E+00  1.8003787E-02  0.0000000E+00
  2.0799350E+02 -7.8029500E-03  0.0000000E+00  0.0000000E+00  1.7954408E-02  0.0000000E+00
  2.0799350E+02 -7.5522835E-03  0.0000000E+00  0.0000000E+00  1.7859773E-02  0.0000000E+00
  2.0799350E+02 -7.3524143E-03  0.0000000E+00  0.0000000E+00  1.7723840E-02  0.0000000E+00
  2.0799350E+02 -7.1966652E-03  0.0000000E+00  0.0000000E+00  1.7552212E-02  0.0000000E+00
  2.0799350E+02 -7.0796222E-03  0.0000000E+00  0.0000000E+00  1.7349455E-02  0.0000000E+00
  2.0799350E+02 -6.9973784E-03  0.0000000E+00  0.0000000E+00  1.7121770E-02  0.0000000E+00
  2.0799350E+02 -6.9448228E-03  0.0000000E+00  0.0000000E+00  1.6872537E-02  0.0000000E+00
  2.0799350E+02 -6.9174291E-03  0.0000000E+00  0.0000000E+00  1.6606971E-02  0.0000000E+00
  2.0799350E+02 -6.9100858E-03  0.0000000E+00  0.0000000E+00  1.6329680E-02  0.0000000E+00
  2.0799350E+02 -6.9173851E-03  0.0000000E+00  0.0000000E+00  1.6045472E-02  0.0000000E+00
  2.0799350E+02 -6.9339046E-03  0.0000000E+00  0.0000000E+00  1.5757889E-02  0.0000000E+00
  2.0799350E+02 -6.9546890E-03  0.0000000E+00  0.0000000E+00  1.5468910E-02  0.0000000E+00
  2.0799350E+02 -6.9755092E-03  0.0000000E+00  0.0000000E+00  1.5179985E-02  0.0000000E+00
  2.0799350E+02 -6.9930682E-03  0.0000000E+00  0.0000000E+00  1.4892650E-02  0.0000000E+00
  2.0799350E+02 -7.0052389E-03  0.0000000E+00  0.0000000E+00  1.4605511E-02  0.0000000E+00
  2.0799350E+02 -7.0103686E-03  0.0000000E+00  0.0000000E+00  1.4318662E-02  0.0000000E+00
  2.0799350E+02 -7.0063258E-03  0.0000000E+00  0.0000000E+00  1.4035293E-02  0.0000000E+00
  2.0799350E+02 -6.9928872E-03  0.0000000E+00  0.0000000E+00  1.3752458E-02  0.0000000E+00
  2.0799350E+02 -6.9675522E-03  0.0000000E+00  0.0000000E+00  1.3472960E-02  0.0000000E+00
  2.0799350E+02 -6.9324196E-03  0.0000000E+00  0.0000000E+00  1.3197693E-02  0.0000000E+00
  2.0799350E+02 -6.8892014E-03  0.0000000E+00  0.0000000E+00  1.2925357E-02  0.0000000E+00
  2.0799350E+02 -6.8390201E-03  0.0000000E+00  0.0000000E+00  1.2655647E-02  0.0000000E+00
  2.0799350E+02 -6.7827233E-03  0.0000000E+00  0.0000000E+00  1.2389097E-02  0.0000000E+00
  2.0799350E+02 -6.7207535E-03  0.0000000E+00  0.0000000E+00  1.2125474E-02  0.0000000E+00
  2.0799350E+02 -6.6535579E-03  0.0000000E+00  0.0000000E+00  1.1865148E-02  0.0000000E+00
  2.0799350E+02 -6.5818354E-03  0.0000000E+00  0.0000000E+00  1.1609366E-02  0.0000000E+00
  2.0799350E+02 -6.5057820E-03  0.0000000E+00  0.0000000E+00  1.1357323E-02  0.0000000E+00
  2.0799350E+02 -6.4258322E-03  0.0000000E+00  0.0000000E+00  1.1108906E-02  0.0000000E+00
  2.0799350E+02 -6.3427022E-03  0.0000000E+00  0.0000000E+00  1.0864539E-02  0.0000000E+00
  2.0799350E+02 -6.2564828E-03  0.0000000E+00  0.0000000E+00  1.0622566E-02  0.0000000E+00
  2.0799350E+02 -6.1678355E-03  0.0000000E+00  0.0000000E+00  1.0382843E-02  0.0000000E+00
  2.0799350E+02 -6.0769943E-03  0.0000000E+00  0.0000000E+00  1.0143909E-02  0.0000000E+00
  2.0799350E+02 -5.9845188E-03  0.0000000E+00  0.0000000E+00  9.9050456E-03  0.0000000E+00
  2.0799350E+02 -5.8911211E-03  0.0000000E+00  0.0000000E+00  9.6656185E-03  0.0000000E+00
  2.0799350E+02 -5.7965725E-03  0.0000000E+00  0.0000000E+00  9.4255811E-03  0.0000000E+00
  2.0799350E+02 -5.7028345E-03  0.0000000E+00  0.0000000E+00  9.1860465E-03  0.0000000E+00
  2.0799350E+02 -5.6119983E-03  0.0000000E+00  0.0000000E+00  8.9488650E-03  0.0000000E+00
  2.0799350E+02 -5.5244517E-03  0.0000000E+00  0.0000000E+00  8.7143304E-03  0.0000000E+00
  2.0799350E+02 -5.4397275E-03  0.0000000E+00  0.0000000E+00  8.4822858E-03  0.0000000E+00
  2.0799350E+02 -5.3576115E-03  0.0000000E+00  0.0000000E+00  8.2543896E-03  0.0000000E+00
  2.0799350E+02 -5.2770544E-03  0.0000000E+00  0.0000000E+00  8.0305342E-03  0.0000000E+00
  2.0799350E+02 -5.1970879E-03  0.0000000E+00  0.0000000E+00  7.8109006E-03  0.0000000E+00
  2.0799350E+02 -5.1166781E-03  0.0000000E+00  0.0000000E+00  7.5952972E-03  0.0000000E+00
  2.0799350E+02 -5.0353637E-03  0.0000000E+00  0.0000000E+00  7.3847075E-03  0.0000000E+00
  2.0799350E+02 -4.9525050E-03  0.0000000E+00  0.0000000E+00  7.1792031E-03  0.0000000E+00
  2.0799350E+02 -4.8679886E-03  0.0000000E+00  0.0000000E+00  6.9797646E-03  0.0000000E+00
  2.0799350E+02 -4.7815170E-03  0.0000000E+00  0.0000000E+00  6.7865435E-03  0.0000000E+00
  2.0799350E+02 -4.6937123E-03  0.0000000E+00  0.0000000E+00  6.6012876E-03  0.0000000E+00
  2.0799350E+02 -4.6046196E-03  0.0000000E+00  0.0000000E+00  6.4237954E-03  0.0000000E+00
  2.0799350E+02 -4.5147834E-03  0.0000000E+00  0.0000000E+00  6.2539047E-03  0.0000000E+00
  2.0799350E+02 -4.4245833E-03  0.0000000E+00  0.0000000E+00  6.0908626E-03  0.0000000E+00
  2.0799350E+02 -4.3350069E-03  0.0000000E+00  0.0000000E+00  5.9336757E-03  0.0000000E+00
  2.0799350E+02 -4.2466913E-03  0.0000000E+00  0.0000000E+00  5.7818185E-03  0.0000000E+00
  2.0799350E+02 -4.1590644E-03  0.0000000E+00  0.0000000E+00  5.6341381E-03  0.0000000E+00
  2.0799350E+02 -4.0719240E-03  0.0000000E+00  0.0000000E+00  5.4906504E-03  0.0000000E+00
  2.0799350E+02 -3.9846314E-03  0.0000000E+00  0.0000000E+00  5.3508751E-03  0.0000000E+00
  2.0799350E+02 -3.8968008E-03  0.0000000E+00  0.0000000E+00  5.2148140E-03  0.0000000E+00
  2.0799350E+02 -3.8083447E-03  0.0000000E+00  0.0000000E+00  5.0828856E-03  0.0000000E+00
  2.0799350E+02 -3.7190302E-03  0.0000000E+00  0.0000000E+00  4.9552143E-03  0.0000000E+00
  2.0799350E+02 -3.6291595E-03  0.0000000E+00  0.0000000E+00  4.8326139E-03  0.0000000E+00
  2.0799350E+02 -3.5383372E-03  0.0000000E+00  0.0000000E+00  4.7148825E-03  0.0000000E+00
  2.0799350E+02 -3.4470313E-03  0.0000000E+00  0.0000000E+00  4.6029123E-03  0.0000000E+00
  2.0799350E+02 -3.3549169E-03  0.0000000E+00  0.0000000E+00  4.4965074E-03  0.0000000E+00
