          atime          uplus          yplus           Wshr          trash          trash
  2.0799350E+02  0.0000000E+00  0.0000000E+00  3.4048004E-03 -1.3636597E-27 -1.3636597E-27
  2.0799350E+02  1.0481151E-02  1.0500916E-02  3.4048004E-03  3.7649000E-05  3.7649000E-05
  2.0799350E+02  4.1685771E-02  4.2001989E-02  3.4048004E-03  1.5059000E-04  1.5059000E-04
  2.0799350E+02  9.2898725E-02  9.4499595E-02  3.4048004E-03  3.3881000E-04  3.3881000E-04
  2.0799350E+02  1.6291774E-01  1.6797728E-01  3.4048004E-03  6.0225000E-04  6.0225000E-04
  2.0799350E+02  2.5008967E-01  2.6244619E-01  3.4048004E-03  9.4095000E-04  9.4095000E-04
  2.0799350E+02  3.5224082E-01  3.7787566E-01  3.4048004E-03  1.3548000E-03  1.3548000E-03
  2.0799350E+02  4.6671711E-01  5.1423778E-01  3.4048004E-03  1.8437000E-03  1.8437000E-03
  2.0799350E+02  5.9039309E-01  6.7151862E-01  3.4048004E-03  2.4076000E-03  2.4076000E-03
  2.0799350E+02  7.1968292E-01  8.4971818E-01  3.4048004E-03  3.0465000E-03  3.0465000E-03
  2.0799350E+02  8.5055144E-01  1.0488086E+00  3.4048004E-03  3.7603000E-03  3.7603000E-03
  2.0799350E+02  9.7859397E-01  1.2687061E+00  3.4048004E-03  4.5487000E-03  4.5487000E-03
  2.0799350E+02  1.0992392E+00  1.5093550E+00  3.4048004E-03  5.4115000E-03  5.4115000E-03
  2.0799350E+02  1.2080332E+00  1.7709784E+00  3.4048004E-03  6.3495000E-03  6.3495000E-03
  2.0799350E+02  1.3004877E+00  2.0531021E+00  3.4048004E-03  7.3610000E-03  7.3610000E-03
  2.0799350E+02  1.3729673E+00  2.3561445E+00  3.4048004E-03  8.4475000E-03  8.4475000E-03
  2.0799350E+02  1.4223468E+00  2.6796873E+00  3.4048004E-03  9.6075000E-03  9.6075000E-03
  2.0799350E+02  1.4514592E+00  3.0240093E+00  3.4048004E-03  1.0842000E-02  1.0842000E-02
  2.0799350E+02  1.4434904E+00  3.3885528E+00  3.4048004E-03  1.2149000E-02  1.2149000E-02
  2.0799350E+02  1.4077019E+00  3.7737361E+00  3.4048004E-03  1.3530000E-02  1.3530000E-02
  2.0799350E+02  1.3541564E+00  4.1792802E+00  3.4048004E-03  1.4984000E-02  1.4984000E-02
  2.0799350E+02  1.2839441E+00  4.6054642E+00  3.4048004E-03  1.6512000E-02  1.6512000E-02
  2.0799350E+02  1.1918109E+00  5.0517301E+00  3.4048004E-03  1.8112000E-02  1.8112000E-02
  2.0799350E+02  1.0701524E+00  5.5183569E+00  3.4048004E-03  1.9785000E-02  1.9785000E-02
  2.0799350E+02  9.1467593E-01  6.0050656E+00  3.4048004E-03  2.1530000E-02  2.1530000E-02
  2.0799350E+02  7.2959830E-01  6.5118563E+00  3.4048004E-03  2.3347000E-02  2.3347000E-02
  2.0799350E+02  5.3158998E-01  7.0387290E+00  3.4048004E-03  2.5236000E-02  2.5236000E-02
  2.0799350E+02  3.5064931E-01  7.5854047E+00  3.4048004E-03  2.7196000E-02  2.7196000E-02
  2.0799350E+02  2.2599212E-01  8.1521624E+00  3.4048004E-03  2.9228000E-02  2.9228000E-02
  2.0799350E+02  1.9713198E-01  8.7384443E+00  3.4048004E-03  3.1330000E-02  3.1330000E-02
  2.0799350E+02  2.8931422E-01  9.3445292E+00  3.4048004E-03  3.3503000E-02  3.3503000E-02
  2.0799350E+02  4.9741364E-01  9.9704171E+00  3.4048004E-03  3.5747000E-02  3.5747000E-02
  2.0799350E+02  7.7318724E-01  1.0615550E+01  3.4048004E-03  3.8060000E-02  3.8060000E-02
  2.0799350E+02  1.0382077E+00  1.1280208E+01  3.4048004E-03  4.0443000E-02  4.0443000E-02
  2.0799350E+02  1.3151918E+00  1.1964110E+01  3.4048004E-03  4.2895000E-02  4.2895000E-02
  2.0799350E+02  1.6045656E+00  1.2667258E+01  3.4048004E-03  4.5416000E-02  4.5416000E-02
  2.0799350E+02  1.9068692E+00  1.3389372E+01  3.4048004E-03  4.8005000E-02  4.8005000E-02
  2.0799350E+02  2.2231476E+00  1.4131289E+01  3.4048004E-03  5.0665000E-02  5.0665000E-02
  2.0799350E+02  2.5533963E+00  1.4891335E+01  3.4048004E-03  5.3390000E-02  5.3390000E-02
  2.0799350E+02  2.8983059E+00  1.5669512E+01  3.4048004E-03  5.6180000E-02  5.6180000E-02
  2.0799350E+02  3.2591707E+00  1.6467212E+01  3.4048004E-03  5.9040000E-02  5.9040000E-02
  2.0799350E+02  3.6359550E+00  1.7283042E+01  3.4048004E-03  6.1965000E-02  6.1965000E-02
  2.0799350E+02  4.0290875E+00  1.8117001E+01  3.4048004E-03  6.4955000E-02  6.4955000E-02
  2.0799350E+02  4.4394459E+00  1.8970485E+01  3.4048004E-03  6.8015000E-02  6.8015000E-02
  2.0799350E+02  4.8655687E+00  1.9840703E+01  3.4048004E-03  7.1135000E-02  7.1135000E-02
  2.0799350E+02  5.3075792E+00  2.0729051E+01  3.4048004E-03  7.4320000E-02  7.4320000E-02
  2.0799350E+02  5.7651241E+00  2.1636924E+01  3.4048004E-03  7.7575000E-02  7.7575000E-02
  2.0799350E+02  6.2351331E+00  2.2561531E+01  3.4048004E-03  8.0890000E-02  8.0890000E-02
  2.0799350E+02  6.7152795E+00  2.3502873E+01  3.4048004E-03  8.4265000E-02  8.4265000E-02
  2.0799350E+02  7.2033281E+00  2.4462345E+01  3.4048004E-03  8.7705000E-02  8.7705000E-02
  2.0799350E+02  7.6955753E+00  2.5439946E+01  3.4048004E-03  9.1210000E-02  9.1210000E-02
  2.0799350E+02  8.1864844E+00  2.6432887E+01  3.4048004E-03  9.4770000E-02  9.4770000E-02
  2.0799350E+02  8.6729911E+00  2.7443959E+01  3.4048004E-03  9.8395000E-02  9.8395000E-02
  2.0799350E+02  9.1501662E+00  2.8471765E+01  3.4048004E-03  1.0208000E-01  1.0208000E-01
  2.0799350E+02  9.6147383E+00  2.9517701E+01  3.4048004E-03  1.0583000E-01  1.0583000E-01
  2.0799350E+02  1.0061446E+01  3.0577582E+01  3.4048004E-03  1.0963000E-01  1.0963000E-01
  2.0799350E+02  1.0488605E+01  3.1654199E+01  3.4048004E-03  1.1349000E-01  1.1349000E-01
  2.0799350E+02  1.0894781E+01  3.2750339E+01  3.4048004E-03  1.1742000E-01  1.1742000E-01
  2.0799350E+02  1.1276032E+01  3.3860426E+01  3.4048004E-03  1.2140000E-01  1.2140000E-01
  2.0799350E+02  1.1631282E+01  3.4984458E+01  3.4048004E-03  1.2543000E-01  1.2543000E-01
  2.0799350E+02  1.1961564E+01  3.6128014E+01  3.4048004E-03  1.2953000E-01  1.2953000E-01
  2.0799350E+02  1.2264401E+01  3.7282727E+01  3.4048004E-03  1.3367000E-01  1.3367000E-01
  2.0799350E+02  1.2541857E+01  3.8454175E+01  3.4048004E-03  1.3787000E-01  1.3787000E-01
  2.0799350E+02  1.2795423E+01  3.9645147E+01  3.4048004E-03  1.4214000E-01  1.4214000E-01
  2.0799350E+02  1.3024408E+01  4.0844487E+01  3.4048004E-03  1.4644000E-01  1.4644000E-01
  2.0799350E+02  1.3233228E+01  4.2063351E+01  3.4048004E-03  1.5081000E-01  1.5081000E-01
  2.0799350E+02  1.3423593E+01  4.3296160E+01  3.4048004E-03  1.5523000E-01  1.5523000E-01
  2.0799350E+02  1.3597319E+01  4.4542916E+01  3.4048004E-03  1.5970000E-01  1.5970000E-01
  2.0799350E+02  1.3756742E+01  4.5803617E+01  3.4048004E-03  1.6422000E-01  1.6422000E-01
  2.0799350E+02  1.3904237E+01  4.7078264E+01  3.4048004E-03  1.6879000E-01  1.6879000E-01
  2.0799350E+02  1.4042190E+01  4.8369646E+01  3.4048004E-03  1.7342000E-01  1.7342000E-01
  2.0799350E+02  1.4171568E+01  4.9669395E+01  3.4048004E-03  1.7808000E-01  1.7808000E-01
  2.0799350E+02  1.4294810E+01  5.0985880E+01  3.4048004E-03  1.8280000E-01  1.8280000E-01
  2.0799350E+02  1.4412970E+01  5.2316310E+01  3.4048004E-03  1.8757000E-01  1.8757000E-01
  2.0799350E+02  1.4527171E+01  5.3660686E+01  3.4048004E-03  1.9239000E-01  1.9239000E-01
  2.0799350E+02  1.4638113E+01  5.5016219E+01  3.4048004E-03  1.9725000E-01  1.9725000E-01
  2.0799350E+02  1.4746570E+01  5.6382908E+01  3.4048004E-03  2.0215000E-01  2.0215000E-01
  2.0799350E+02  1.4853373E+01  5.7763543E+01  3.4048004E-03  2.0710000E-01  2.0710000E-01
  2.0799350E+02  1.4959016E+01  5.9158124E+01  3.4048004E-03  2.1210000E-01  2.1210000E-01
  2.0799350E+02  1.5063512E+01  6.0561073E+01  3.4048004E-03  2.1713000E-01  2.1713000E-01
  2.0799350E+02  1.5167697E+01  6.1977967E+01  3.4048004E-03  2.2221000E-01  2.2221000E-01
  2.0799350E+02  1.5272025E+01  6.3408807E+01  3.4048004E-03  2.2734000E-01  2.2734000E-01
  2.0799350E+02  1.5376678E+01  6.4848015E+01  3.4048004E-03  2.3250000E-01  2.3250000E-01
  2.0799350E+02  1.5482312E+01  6.6298379E+01  3.4048004E-03  2.3770000E-01  2.3770000E-01
  2.0799350E+02  1.5589608E+01  6.7762689E+01  3.4048004E-03  2.4295000E-01  2.4295000E-01
  2.0799350E+02  1.5698150E+01  6.9235366E+01  3.4048004E-03  2.4823000E-01  2.4823000E-01
  2.0799350E+02  1.5807942E+01  7.0719200E+01  3.4048004E-03  2.5355000E-01  2.5355000E-01
  2.0799350E+02  1.5918727E+01  7.2214191E+01  3.4048004E-03  2.5891000E-01  2.5891000E-01
  2.0799350E+02  1.6030033E+01  7.3717549E+01  3.4048004E-03  2.6430000E-01  2.6430000E-01
  2.0799350E+02  1.6141834E+01  7.5232064E+01  3.4048004E-03  2.6973000E-01  2.6973000E-01
  2.0799350E+02  1.6253928E+01  7.6757736E+01  3.4048004E-03  2.7520000E-01  2.7520000E-01
  2.0799350E+02  1.6365734E+01  7.8288986E+01  3.4048004E-03  2.8069000E-01  2.8069000E-01
  2.0799350E+02  1.6477495E+01  7.9831392E+01  3.4048004E-03  2.8622000E-01  2.8622000E-01
  2.0799350E+02  1.6589024E+01  8.1384956E+01  3.4048004E-03  2.9179000E-01  2.9179000E-01
  2.0799350E+02  1.6699711E+01  8.2944097E+01  3.4048004E-03  2.9738000E-01  2.9738000E-01
  2.0799350E+02  1.6809713E+01  8.4514395E+01  3.4048004E-03  3.0301000E-01  3.0301000E-01
  2.0799350E+02  1.6918411E+01  8.6090272E+01  3.4048004E-03  3.0866000E-01  3.0866000E-01
  2.0799350E+02  1.7025861E+01  8.7674516E+01  3.4048004E-03  3.1434000E-01  3.1434000E-01
  2.0799350E+02  1.7132160E+01  8.9267127E+01  3.4048004E-03  3.2005000E-01  3.2005000E-01
  2.0799350E+02  1.7237724E+01  9.0868106E+01  3.4048004E-03  3.2579000E-01  3.2579000E-01
  2.0799350E+02  1.7342397E+01  9.2474663E+01  3.4048004E-03  3.3155000E-01  3.3155000E-01
  2.0799350E+02  1.7446215E+01  9.4092377E+01  3.4048004E-03  3.3735000E-01  3.3735000E-01
  2.0799350E+02  1.7548242E+01  9.5712880E+01  3.4048004E-03  3.4316000E-01  3.4316000E-01
  2.0799350E+02  1.7648463E+01  9.7338962E+01  3.4048004E-03  3.4899000E-01  3.4899000E-01
  2.0799350E+02  1.7747162E+01  9.8976200E+01  3.4048004E-03  3.5486000E-01  3.5486000E-01
  2.0799350E+02  1.7843892E+01  1.0061623E+02  3.4048004E-03  3.6074000E-01  3.6074000E-01
  2.0799350E+02  1.7938957E+01  1.0226183E+02  3.4048004E-03  3.6664000E-01  3.6664000E-01
  2.0799350E+02  1.8032531E+01  1.0391302E+02  3.4048004E-03  3.7256000E-01  3.7256000E-01
  2.0799350E+02  1.8124953E+01  1.0557257E+02  3.4048004E-03  3.7851000E-01  3.7851000E-01
  2.0799350E+02  1.8216083E+01  1.0723491E+02  3.4048004E-03  3.8447000E-01  3.8447000E-01
  2.0799350E+02  1.8306220E+01  1.0890283E+02  3.4048004E-03  3.9045000E-01  3.9045000E-01
  2.0799350E+02  1.8395314E+01  1.1057353E+02  3.4048004E-03  3.9644000E-01  3.9644000E-01
  2.0799350E+02  1.8483709E+01  1.1225261E+02  3.4048004E-03  4.0246000E-01  4.0246000E-01
  2.0799350E+02  1.8570963E+01  1.1393169E+02  3.4048004E-03  4.0848000E-01  4.0848000E-01
  2.0799350E+02  1.8657322E+01  1.1561634E+02  3.4048004E-03  4.1452000E-01  4.1452000E-01
  2.0799350E+02  1.8742559E+01  1.1730378E+02  3.4048004E-03  4.2057000E-01  4.2057000E-01
  2.0799350E+02  1.8826739E+01  1.1899401E+02  3.4048004E-03  4.2663000E-01  4.2663000E-01
  2.0799350E+02  1.8909710E+01  1.2068983E+02  3.4048004E-03  4.3271000E-01  4.3271000E-01
  2.0799350E+02  1.8991125E+01  1.2238564E+02  3.4048004E-03  4.3879000E-01  4.3879000E-01
  2.0799350E+02  1.9071334E+01  1.2408702E+02  3.4048004E-03  4.4489000E-01  4.4489000E-01
  2.0799350E+02  1.9150158E+01  1.2578841E+02  3.4048004E-03  4.5099000E-01  4.5099000E-01
  2.0799350E+02  1.9227782E+01  1.2749259E+02  3.4048004E-03  4.5710000E-01  4.5710000E-01
  2.0799350E+02  1.9304219E+01  1.2919956E+02  3.4048004E-03  4.6322000E-01  4.6322000E-01
  2.0799350E+02  1.9379320E+01  1.3090653E+02  3.4048004E-03  4.6934000E-01  4.6934000E-01
  2.0799350E+02  1.9453158E+01  1.3261628E+02  3.4048004E-03  4.7547000E-01  4.7547000E-01
  2.0799350E+02  1.9525436E+01  1.3432325E+02  3.4048004E-03  4.8159000E-01  4.8159000E-01
  2.0799350E+02  1.9596464E+01  1.3603579E+02  3.4048004E-03  4.8773000E-01  4.8773000E-01
  2.0799350E+02  1.9665879E+01  1.3774555E+02  3.4048004E-03  4.9386000E-01  4.9386000E-01
  2.0799350E+02  1.9733937E+01  1.3945810E+02  3.4048004E-03  5.0000000E-01  5.0000000E-01
