          atime         eps_uu         eps_vv         eps_ww         pm1avg           tavg
  2.4000000E+02 -8.0407275E-01 -1.5014153E-01 -2.8183071E-01  9.7310925E-03  0.0000000E+00
  2.4000000E+02 -2.8267067E-01 -3.3455333E-02 -1.1934544E-01  9.3216239E-03  0.0000000E+00
  2.4000000E+02 -1.1133672E-01 -1.4554447E-02 -4.5346888E-02  8.9073861E-03  0.0000000E+00
  2.4000000E+02 -8.1280186E-02 -1.4689842E-02 -3.5369921E-02  7.9548646E-03  0.0000000E+00
  2.4000000E+02 -7.0590258E-02 -1.5355646E-02 -3.4424539E-02  6.5224312E-03  0.0000000E+00
  2.4000000E+02 -6.4718360E-02 -1.6146243E-02 -3.4391531E-02  4.8538713E-03  0.0000000E+00
  2.4000000E+02 -6.0863459E-02 -1.7071753E-02 -3.4379216E-02  3.1280752E-03  0.0000000E+00
  2.4000000E+02 -5.8483191E-02 -1.8046429E-02 -3.4396947E-02  1.4494507E-03  0.0000000E+00
  2.4000000E+02 -5.7783779E-02 -1.8973960E-02 -3.4481635E-02 -1.2526683E-04  0.0000000E+00
  2.4000000E+02 -5.8776950E-02 -1.9801660E-02 -3.4719007E-02 -1.5657737E-03  0.0000000E+00
  2.4000000E+02 -6.0234504E-02 -2.0497838E-02 -3.4910427E-02 -2.8560860E-03  0.0000000E+00
  2.4000000E+02 -6.0946808E-02 -2.1071295E-02 -3.5036812E-02 -3.9902521E-03  0.0000000E+00
  2.4000000E+02 -5.9748460E-02 -2.1548722E-02 -3.5027585E-02 -4.9704063E-03  0.0000000E+00
  2.4000000E+02 -5.6332333E-02 -2.1943090E-02 -3.4825596E-02 -5.8042306E-03  0.0000000E+00
  2.4000000E+02 -5.1598959E-02 -2.2244575E-02 -3.4411692E-02 -6.5031595E-03  0.0000000E+00
  2.4000000E+02 -4.7396024E-02 -2.2440877E-02 -3.3961588E-02 -7.0805810E-03  0.0000000E+00
  2.4000000E+02 -4.4309151E-02 -2.2498423E-02 -3.3364229E-02 -7.5489571E-03  0.0000000E+00
  2.4000000E+02 -4.2374706E-02 -2.2421656E-02 -3.2723681E-02 -7.9183812E-03  0.0000000E+00
  2.4000000E+02 -4.1176729E-02 -2.2241722E-02 -3.2105204E-02 -8.1961631E-03  0.0000000E+00
  2.4000000E+02 -4.0260114E-02 -2.1974441E-02 -3.1454808E-02 -8.3874184E-03  0.0000000E+00
  2.4000000E+02 -3.9445020E-02 -2.1632482E-02 -3.0754482E-02 -8.4966252E-03  0.0000000E+00
  2.4000000E+02 -3.8658378E-02 -2.1225210E-02 -2.9991613E-02 -8.5290863E-03  0.0000000E+00
  2.4000000E+02 -3.7696672E-02 -2.0741005E-02 -2.9061832E-02 -8.4917270E-03  0.0000000E+00
  2.4000000E+02 -3.6624834E-02 -2.0223588E-02 -2.8112886E-02 -8.3936333E-03  0.0000000E+00
  2.4000000E+02 -3.5165437E-02 -1.9636189E-02 -2.6951734E-02 -8.2445001E-03  0.0000000E+00
  2.4000000E+02 -3.3626325E-02 -1.9015544E-02 -2.5780735E-02 -8.0552536E-03  0.0000000E+00
  2.4000000E+02 -3.2143088E-02 -1.8393937E-02 -2.4695137E-02 -7.8369852E-03  0.0000000E+00
  2.4000000E+02 -3.0709983E-02 -1.7778446E-02 -2.3675831E-02 -7.5998094E-03  0.0000000E+00
  2.4000000E+02 -2.9328544E-02 -1.7172853E-02 -2.2710828E-02 -7.3524637E-03  0.0000000E+00
  2.4000000E+02 -2.8021692E-02 -1.6582393E-02 -2.1809139E-02 -7.1021535E-03  0.0000000E+00
  2.4000000E+02 -2.6787136E-02 -1.6008521E-02 -2.0964230E-02 -6.8545742E-03  0.0000000E+00
  2.4000000E+02 -2.5563901E-02 -1.5440890E-02 -2.0124202E-02 -6.6140467E-03  0.0000000E+00
  2.4000000E+02 -2.4315674E-02 -1.4885065E-02 -1.9273078E-02 -6.3838860E-03  0.0000000E+00
  2.4000000E+02 -2.3016326E-02 -1.4351628E-02 -1.8403538E-02 -6.1661954E-03  0.0000000E+00
  2.4000000E+02 -2.1756558E-02 -1.3824767E-02 -1.7543612E-02 -5.9620816E-03  0.0000000E+00
  2.4000000E+02 -2.0623822E-02 -1.3330003E-02 -1.6764799E-02 -5.7723783E-03  0.0000000E+00
  2.4000000E+02 -1.9616693E-02 -1.2869345E-02 -1.6067691E-02 -5.5971807E-03  0.0000000E+00
  2.4000000E+02 -1.8710964E-02 -1.2438408E-02 -1.5435781E-02 -5.4360250E-03  0.0000000E+00
  2.4000000E+02 -1.7889009E-02 -1.2033879E-02 -1.4858080E-02 -5.2880752E-03  0.0000000E+00
  2.4000000E+02 -1.7143712E-02 -1.1654385E-02 -1.4330815E-02 -5.1523009E-03  0.0000000E+00
  2.4000000E+02 -1.6468219E-02 -1.1297837E-02 -1.3848482E-02 -5.0276266E-03  0.0000000E+00
  2.4000000E+02 -1.5842838E-02 -1.0958306E-02 -1.3394525E-02 -4.9130361E-03  0.0000000E+00
  2.4000000E+02 -1.5230333E-02 -1.0625516E-02 -1.2941916E-02 -4.8076122E-03  0.0000000E+00
  2.4000000E+02 -1.4620596E-02 -1.0315799E-02 -1.2496455E-02 -4.7106691E-03  0.0000000E+00
  2.4000000E+02 -1.4015361E-02 -1.0013622E-02 -1.2045486E-02 -4.6211978E-03  0.0000000E+00
  2.4000000E+02 -1.3455384E-02 -9.7236533E-03 -1.1619698E-02 -4.5384177E-03  0.0000000E+00
  2.4000000E+02 -1.2954688E-02 -9.4520514E-03 -1.1234094E-02 -4.4616631E-03  0.0000000E+00
  2.4000000E+02 -1.2507636E-02 -9.1986753E-03 -1.0887440E-02 -4.3902595E-03  0.0000000E+00
  2.4000000E+02 -1.2104325E-02 -8.9613566E-03 -1.0573715E-02 -4.3235046E-03  0.0000000E+00
  2.4000000E+02 -1.1737682E-02 -8.7380319E-03 -1.0287719E-02 -4.2606567E-03  0.0000000E+00
  2.4000000E+02 -1.1404428E-02 -8.5272765E-03 -1.0026291E-02 -4.2009389E-03  0.0000000E+00
  2.4000000E+02 -1.1102078E-02 -8.3277715E-03 -9.7866050E-03 -4.1435619E-03  0.0000000E+00
  2.4000000E+02 -1.0824142E-02 -8.1372431E-03 -9.5629984E-03 -4.0877763E-03  0.0000000E+00
  2.4000000E+02 -1.0555686E-02 -7.9514079E-03 -9.3438083E-03 -4.0329559E-03  0.0000000E+00
  2.4000000E+02 -1.0271432E-02 -7.7634610E-03 -9.1096616E-03 -3.9787231E-03  0.0000000E+00
  2.4000000E+02 -1.0009105E-02 -7.5923544E-03 -8.8881975E-03 -3.9247613E-03  0.0000000E+00
  2.4000000E+02 -9.7282657E-03 -7.4183254E-03 -8.6509316E-03 -3.8706450E-03  0.0000000E+00
  2.4000000E+02 -9.4566255E-03 -7.2479998E-03 -8.4212096E-03 -3.8160268E-03  0.0000000E+00
  2.4000000E+02 -9.2060207E-03 -7.0844888E-03 -8.2084502E-03 -3.7607266E-03  0.0000000E+00
  2.4000000E+02 -8.9771389E-03 -6.9280830E-03 -8.0130948E-03 -3.7046362E-03  0.0000000E+00
  2.4000000E+02 -8.7663997E-03 -6.7780481E-03 -7.8324926E-03 -3.6476549E-03  0.0000000E+00
  2.4000000E+02 -8.5701091E-03 -6.6335986E-03 -7.6641911E-03 -3.5896579E-03  0.0000000E+00
  2.4000000E+02 -8.3862530E-03 -6.4942241E-03 -7.5070946E-03 -3.5304903E-03  0.0000000E+00
  2.4000000E+02 -8.2142963E-03 -6.3595413E-03 -7.3609500E-03 -3.4699823E-03  0.0000000E+00
  2.4000000E+02 -8.0533530E-03 -6.2288458E-03 -7.2246241E-03 -3.4079759E-03  0.0000000E+00
  2.4000000E+02 -7.8990927E-03 -6.1005354E-03 -7.0936312E-03 -3.3443601E-03  0.0000000E+00
  2.4000000E+02 -7.7397491E-03 -5.9715812E-03 -6.9573745E-03 -3.2791063E-03  0.0000000E+00
  2.4000000E+02 -7.5674999E-03 -5.8425770E-03 -6.8078342E-03 -3.2122988E-03  0.0000000E+00
  2.4000000E+02 -7.4013018E-03 -5.7210314E-03 -6.6597303E-03 -3.1440015E-03  0.0000000E+00
  2.4000000E+02 -7.2209235E-03 -5.5965954E-03 -6.5002600E-03 -3.0742327E-03  0.0000000E+00
  2.4000000E+02 -7.0451451E-03 -5.4741085E-03 -6.3438551E-03 -3.0031665E-03  0.0000000E+00
  2.4000000E+02 -6.8804377E-03 -5.3554217E-03 -6.1964372E-03 -2.9310126E-03  0.0000000E+00
  2.4000000E+02 -6.7270414E-03 -5.2408509E-03 -6.0590229E-03 -2.8579471E-03  0.0000000E+00
  2.4000000E+02 -6.5830106E-03 -5.1301231E-03 -5.9304087E-03 -2.7840841E-03  0.0000000E+00
  2.4000000E+02 -6.4465302E-03 -5.0229011E-03 -5.8089733E-03 -2.7094785E-03  0.0000000E+00
  2.4000000E+02 -6.3167999E-03 -4.9189706E-03 -5.6936352E-03 -2.6341489E-03  0.0000000E+00
  2.4000000E+02 -6.1937900E-03 -4.8181754E-03 -5.5840033E-03 -2.5581092E-03  0.0000000E+00
  2.4000000E+02 -6.0771681E-03 -4.7201852E-03 -5.4797590E-03 -2.4813985E-03  0.0000000E+00
  2.4000000E+02 -5.9646972E-03 -4.6241805E-03 -5.3793065E-03 -2.4040989E-03  0.0000000E+00
  2.4000000E+02 -5.8504061E-03 -4.5285399E-03 -5.2777308E-03 -2.3263285E-03  0.0000000E+00
  2.4000000E+02 -5.7228332E-03 -4.4306154E-03 -5.1640994E-03 -2.2482011E-03  0.0000000E+00
  2.4000000E+02 -5.6051289E-03 -4.3400463E-03 -5.0544864E-03 -2.1698665E-03  0.0000000E+00
  2.4000000E+02 -5.4794387E-03 -4.2480405E-03 -4.9381313E-03 -2.0912820E-03  0.0000000E+00
  2.4000000E+02 -5.3523800E-03 -4.1565147E-03 -4.8209309E-03 -2.0124418E-03  0.0000000E+00
  2.4000000E+02 -5.2297946E-03 -4.0673323E-03 -4.7082372E-03 -1.9333922E-03  0.0000000E+00
  2.4000000E+02 -5.1133925E-03 -3.9809961E-03 -4.6019590E-03 -1.8542094E-03  0.0000000E+00
  2.4000000E+02 -5.0029323E-03 -3.8974000E-03 -4.5021139E-03 -1.7749873E-03  0.0000000E+00
  2.4000000E+02 -4.8976636E-03 -3.8162889E-03 -4.4079682E-03 -1.6958221E-03  0.0000000E+00
  2.4000000E+02 -4.7971127E-03 -3.7374788E-03 -4.3187661E-03 -1.6167987E-03  0.0000000E+00
  2.4000000E+02 -4.7012903E-03 -3.6608937E-03 -4.2340462E-03 -1.5379794E-03  0.0000000E+00
  2.4000000E+02 -4.6104038E-03 -3.5864708E-03 -4.1535476E-03 -1.4593988E-03  0.0000000E+00
  2.4000000E+02 -4.5241529E-03 -3.5139897E-03 -4.0767040E-03 -1.3810669E-03  0.0000000E+00
  2.4000000E+02 -4.4406892E-03 -3.4428793E-03 -4.0017271E-03 -1.3029835E-03  0.0000000E+00
  2.4000000E+02 -4.3553205E-03 -3.3720562E-03 -3.9242787E-03 -1.2251664E-03  0.0000000E+00
  2.4000000E+02 -4.2590406E-03 -3.2998490E-03 -3.8357327E-03 -1.1476950E-03  0.0000000E+00
  2.4000000E+02 -4.1746275E-03 -3.2337000E-03 -3.7544126E-03 -1.0705271E-03  0.0000000E+00
  2.4000000E+02 -4.0817481E-03 -3.1663156E-03 -3.6669295E-03 -9.9367474E-04  0.0000000E+00
  2.4000000E+02 -3.9891978E-03 -3.0997185E-03 -3.5797393E-03 -9.1708772E-04  0.0000000E+00
  2.4000000E+02 -3.9010734E-03 -3.0348866E-03 -3.4960532E-03 -8.4075904E-04  0.0000000E+00
  2.4000000E+02 -3.8182853E-03 -2.9720891E-03 -3.4168219E-03 -7.6468589E-04  0.0000000E+00
  2.4000000E+02 -3.7402419E-03 -2.9112745E-03 -3.3418929E-03 -6.8884773E-04  0.0000000E+00
