          atime        pres_st        turb_df           diss        visc_df        garbage
  2.4000000E+02  4.0230451E-06  8.7176858E-06 -6.1802249E-01  5.5394155E-01  1.9385010E-21
  2.4000000E+02 -4.9766706E-05 -3.7911640E-01 -2.1773572E-01  4.6001820E-02 -3.0052714E-02
  2.4000000E+02  5.1680990E-06 -1.4283863E-01 -8.5619027E-02 -6.9614052E-02 -6.2685467E-02
  2.4000000E+02  5.2418276E-06  2.5424818E-02 -6.5669975E-02 -3.5305002E-02 -6.7764035E-02
  2.4000000E+02  2.1010101E-06  7.6138280E-02 -6.0185222E-02 -1.5910173E-02 -5.8312306E-02
  2.4000000E+02  6.1388845E-06  8.2749027E-02 -5.7628067E-02 -8.9808183E-03 -4.2199485E-02
  2.4000000E+02  3.4604290E-06  7.2051460E-02 -5.6157214E-02 -7.2790563E-03 -2.4460434E-02
  2.4000000E+02  6.2611945E-06  5.5160688E-02 -5.5463283E-02 -7.0889565E-03 -7.5989169E-03
  2.4000000E+02  7.5733426E-06  3.8569637E-02 -5.5619686E-02 -6.3141654E-03  7.6689919E-03
  2.4000000E+02  5.1044860E-06  2.4970361E-02 -5.6648809E-02 -4.3939192E-03  2.1438520E-02
  2.4000000E+02  7.4881015E-06  1.4273194E-02 -5.7821384E-02 -2.0685340E-03  3.3707832E-02
  2.4000000E+02  5.7581191E-06  5.7037864E-03 -5.8527458E-02 -4.6165611E-04  4.3986932E-02
  2.4000000E+02  7.1031747E-06 -1.8568030E-03 -5.8162384E-02 -5.9940350E-04  5.1520593E-02
  2.4000000E+02  8.1011214E-06 -9.4685109E-03 -5.6550510E-02 -2.5292488E-03  5.5847402E-02
  2.4000000E+02  7.5885363E-06 -1.7000880E-02 -5.4127613E-02 -4.8479071E-03  5.7327063E-02
  2.4000000E+02  1.0281149E-05 -2.2389477E-02 -5.1899244E-02 -5.8634719E-03  5.7117100E-02
  2.4000000E+02  7.5250394E-06 -2.4385981E-02 -5.0085901E-02 -5.2470028E-03  5.6386044E-02
  2.4000000E+02  9.6455459E-06 -2.3718915E-02 -4.8760022E-02 -4.0005374E-03  5.5728443E-02
  2.4000000E+02  5.9484979E-06 -2.1760916E-02 -4.7761827E-02 -2.8654097E-03  5.5242714E-02
  2.4000000E+02  6.3296436E-06 -1.9446432E-02 -4.6844681E-02 -2.0871140E-03  5.4787456E-02
  2.4000000E+02  9.9039900E-06 -1.7148773E-02 -4.5915992E-02 -1.6617800E-03  5.4178180E-02
  2.4000000E+02  5.2503062E-06 -1.4838029E-02 -4.4937600E-02 -1.4400664E-03  5.3283289E-02
  2.4000000E+02  1.7242766E-05 -1.2346087E-02 -4.3749755E-02 -1.2721965E-03  5.2009177E-02
  2.4000000E+02  7.3389043E-06 -9.8232354E-03 -4.2480654E-02 -1.3039426E-03  5.0327741E-02
  2.4000000E+02  4.8291818E-06 -7.1580933E-03 -4.0876680E-02 -1.2666028E-03  4.8255072E-02
  2.4000000E+02  9.1380755E-06 -4.3317129E-03 -3.9211302E-02 -1.1968939E-03  4.5864344E-02
  2.4000000E+02  5.5474876E-06 -1.5048933E-03 -3.7616081E-02 -1.1153405E-03  4.3269479E-02
  2.4000000E+02  2.3122892E-06  1.2029565E-03 -3.6082130E-02 -1.0153054E-03  4.0576723E-02
  2.4000000E+02  4.5699614E-06  3.7173441E-03 -3.4606112E-02 -8.9937154E-04  3.7881915E-02
  2.4000000E+02  7.1752079E-06  5.9741473E-03 -3.3206612E-02 -7.7027376E-04  3.5264879E-02
  2.4000000E+02  3.3043993E-06  7.8988348E-03 -3.1879943E-02 -6.1495568E-04  3.2783235E-02
  2.4000000E+02  5.6747101E-06  9.4512922E-03 -3.0564496E-02 -4.2032726E-04  3.0467925E-02
  2.4000000E+02  1.7291302E-05  1.0647300E-02 -2.9236909E-02 -3.0495374E-04  2.8338603E-02
  2.4000000E+02 -2.7682464E-07  1.1438995E-02 -2.7885746E-02 -2.2190592E-04  2.6409546E-02
  2.4000000E+02  4.1134503E-06  1.1963821E-02 -2.6562468E-02 -1.1896238E-04  2.4663614E-02
  2.4000000E+02  5.0099632E-06  1.2183391E-02 -2.5359312E-02 -5.6012181E-05  2.3103713E-02
  2.4000000E+02  1.9694087E-06  1.2115549E-02 -2.4276864E-02 -2.4290634E-05  2.1721153E-02
  2.4000000E+02  2.3695551E-07  1.1809214E-02 -2.3292576E-02 -6.5456921E-06  2.0501233E-02
  2.4000000E+02  1.7167809E-06  1.1324939E-02 -2.2390484E-02  2.0381457E-06  1.9427562E-02
  2.4000000E+02  3.6602359E-06  1.0720754E-02 -2.1564456E-02 -2.3418576E-06  1.8484853E-02
  2.4000000E+02  2.4983552E-06  1.0042876E-02 -2.0807269E-02 -1.8046327E-05  1.7659894E-02
  2.4000000E+02  2.4542444E-07  9.3208430E-03 -2.0097835E-02 -2.8191596E-05  1.6940414E-02
  2.4000000E+02  1.0900319E-05  8.5666575E-03 -1.9398882E-02 -9.6059038E-06  1.6311579E-02
  2.4000000E+02  3.2341278E-06  7.7343667E-03 -1.8716425E-02 -5.1645613E-05  1.5764834E-02
  2.4000000E+02 -2.2831181E-07  6.9456302E-03 -1.8037234E-02 -7.0791756E-05  1.5290032E-02
  2.4000000E+02  2.0222914E-06  6.1792799E-03 -1.7399367E-02 -7.4496784E-05  1.4874719E-02
  2.4000000E+02  2.3303216E-06  5.4184215E-03 -1.6820417E-02 -8.3063947E-05  1.4509772E-02
  2.4000000E+02  8.9635221E-07  4.6733689E-03 -1.6296876E-02 -9.7348867E-05  1.4186043E-02
  2.4000000E+02 -1.3126236E-07  3.9633558E-03 -1.5819698E-02 -1.1363282E-04  1.3894843E-02
  2.4000000E+02  3.2054843E-07  3.3061242E-03 -1.5381716E-02 -1.3002345E-04  1.3628489E-02
  2.4000000E+02  1.5001115E-06  2.7136171E-03 -1.4978998E-02 -1.4702322E-04  1.3380747E-02
  2.4000000E+02  1.7434191E-06  2.1919996E-03 -1.4608227E-02 -1.6490576E-04  1.3147001E-02
  2.4000000E+02  4.3666908E-07  1.7442342E-03 -1.4262192E-02 -1.8054041E-04  1.2923981E-02
  2.4000000E+02  4.1719978E-07  1.3734356E-03 -1.3925451E-02 -1.8630520E-04  1.2708881E-02
  2.4000000E+02  1.0201082E-05  1.0852291E-03 -1.3572278E-02 -1.7372852E-04  1.2497693E-02
  2.4000000E+02  6.4417543E-07  7.9211731E-04 -1.3244828E-02 -2.0485087E-04  1.2295435E-02
  2.4000000E+02 -1.3658542E-07  5.9302524E-04 -1.2898761E-02 -2.1434065E-04  1.2096499E-02
  2.4000000E+02  1.0979874E-06  4.4834481E-04 -1.2562917E-02 -2.1684130E-04  1.1899900E-02
  2.4000000E+02  1.2784115E-06  3.3568386E-04 -1.2249480E-02 -2.1923266E-04  1.1705543E-02
  2.4000000E+02  5.3090384E-07  2.4765397E-04 -1.1959158E-02 -2.2256420E-04  1.1513355E-02
  2.4000000E+02 -1.2637909E-07  1.8360616E-04 -1.1688470E-02 -2.2641597E-04  1.1323194E-02
  2.4000000E+02 -5.4146026E-08  1.4418765E-04 -1.1433949E-02 -2.3064599E-04  1.1134880E-02
  2.4000000E+02  5.8044818E-07  1.2838312E-04 -1.1193786E-02 -2.3537376E-04  1.0948299E-02
  2.4000000E+02  1.0297122E-06  1.3270433E-04 -1.0967394E-02 -2.4004982E-04  1.0763490E-02
  2.4000000E+02  6.5508653E-07  1.5219172E-04 -1.0753411E-02 -2.4246103E-04  1.0580646E-02
  2.4000000E+02 -1.0916286E-07  1.8289166E-04 -1.0546630E-02 -2.3852156E-04  1.0399980E-02
  2.4000000E+02  1.2920435E-06  2.2547309E-04 -1.0334352E-02 -2.2369930E-04  1.0221350E-02
  2.4000000E+02  4.4137434E-06  2.6704026E-04 -1.0108956E-02 -2.1309677E-04  1.0044187E-02
  2.4000000E+02 -8.8587895E-08  2.9534084E-04 -9.8910317E-03 -2.2695636E-04  9.8686704E-03
  2.4000000E+02  1.8187835E-08  3.5524866E-04 -9.6588894E-03 -2.2441564E-04  9.6928651E-03
  2.4000000E+02  6.8573544E-07  4.1718424E-04 -9.4315543E-03 -2.1856265E-04  9.5165606E-03
  2.4000000E+02  7.1312965E-07  4.7136766E-04 -9.2161483E-03 -2.1351236E-04  9.3397461E-03
  2.4000000E+02  2.6497074E-07  5.1864034E-04 -9.0134576E-03 -2.0977253E-04  9.1625411E-03
  2.4000000E+02 -1.2048288E-07  5.6391452E-04 -8.8217712E-03 -2.0717262E-04  8.9851548E-03
  2.4000000E+02 -9.9347575E-08  6.1194260E-04 -8.6392023E-03 -2.0595666E-04  8.8078625E-03
  2.4000000E+02  2.6750421E-07  6.6509880E-04 -8.4647028E-03 -2.0664100E-04  8.6309840E-03
  2.4000000E+02  5.9553168E-07  7.2286546E-04 -8.2979844E-03 -2.0923759E-04  8.4548527E-03
  2.4000000E+02  4.8289978E-07  7.8271629E-04 -8.1385562E-03 -2.1244393E-04  8.2797617E-03
  2.4000000E+02 -2.4043176E-08  8.4208901E-04 -7.9840921E-03 -2.1340030E-04  8.1058742E-03
  2.4000000E+02  1.2763311E-07  9.0113958E-04 -7.8283384E-03 -2.0861528E-04  7.9330855E-03
  2.4000000E+02  3.5825778E-06  9.6597057E-04 -7.6587740E-03 -1.9666033E-04  7.7608231E-03
  2.4000000E+02  4.9105400E-07  9.9546734E-04 -7.4998308E-03 -2.0517088E-04  7.5905254E-03
  2.4000000E+02 -2.3096488E-07  1.0353645E-03 -7.3328053E-03 -2.0158200E-04  7.4214090E-03
  2.4000000E+02  2.3150760E-07  1.0770021E-03 -7.1649128E-03 -1.9338125E-04  7.2524708E-03
  2.4000000E+02  4.8070185E-07  1.1111060E-03 -7.0026821E-03 -1.8597210E-04  7.0835788E-03
  2.4000000E+02  3.1649499E-07  1.1346196E-03 -6.8481738E-03 -1.8035274E-04  6.9150084E-03
  2.4000000E+02  1.2292367E-08  1.1478836E-03 -6.7012231E-03 -1.7590551E-04  6.7472702E-03
  2.4000000E+02 -1.3408596E-07  1.1527713E-03 -6.5609603E-03 -1.7194504E-04  6.5809777E-03
  2.4000000E+02 -1.9591667E-08  1.1515979E-03 -6.4266788E-03 -1.6830879E-04  6.4167439E-03
  2.4000000E+02  2.2971462E-07  1.1466229E-03 -6.2981151E-03 -1.6527405E-04  6.2550958E-03
  2.4000000E+02  3.6409746E-07  1.1399624E-03 -6.1752111E-03 -1.6308499E-04  6.0963975E-03
  2.4000000E+02  2.1027420E-07  1.1337325E-03 -6.0574233E-03 -1.6137384E-04  5.9407692E-03
  2.4000000E+02 -7.8841793E-08  1.1302385E-03 -5.9426478E-03 -1.5875990E-04  5.7879953E-03
  2.4000000E+02  2.3013990E-07  1.1320322E-03 -5.8258277E-03 -1.5291020E-04  5.6374065E-03
  2.4000000E+02  2.6648276E-06  1.1416530E-03 -5.6973111E-03 -1.4134586E-04  5.4877295E-03
  2.4000000E+02  1.7251049E-07  1.1343543E-03 -5.5813700E-03 -1.4950849E-04  5.3400193E-03
  2.4000000E+02 -1.3262876E-07  1.1500336E-03 -5.4574966E-03 -1.5132156E-04  5.1933757E-03
  2.4000000E+02  1.3526984E-07  1.1771228E-03 -5.3343278E-03 -1.5035033E-04  5.0487069E-03
  2.4000000E+02  2.6945161E-07  1.2081876E-03 -5.2160066E-03 -1.4834968E-04  4.9063233E-03
  2.4000000E+02  1.7479976E-07  1.2392834E-03 -5.1035982E-03 -1.4588569E-04  4.7661750E-03
  2.4000000E+02  1.8214685E-09  1.2686793E-03 -4.9967046E-03 -1.4313778E-04  4.6280672E-03
