          atime          uplus          yplus           Wshr          trash          trash
  2.4000000E+02  3.6238020E-15  9.3512918E-15  1.9249970E-03  7.0000000E-02  7.0000000E-02
  2.4000000E+02  4.2875838E-01  8.9131162E-01  1.9249970E-03  7.3978140E-02  7.3978140E-02
  2.4000000E+02  1.0658348E+00  1.9268501E+00  1.9249970E-03  7.8600000E-02  7.8600000E-02
  2.4000000E+02  1.7497058E+00  2.8902751E+00  1.9249970E-03  8.2900000E-02  8.2900000E-02
  2.4000000E+02  2.4972845E+00  3.8537002E+00  1.9249970E-03  8.7200000E-02  8.7200000E-02
  2.4000000E+02  3.2777850E+00  4.8171252E+00  1.9249970E-03  9.1500000E-02  9.1500000E-02
  2.4000000E+02  4.0665127E+00  5.7805503E+00  1.9249970E-03  9.5800000E-02  9.5800000E-02
  2.4000000E+02  4.8480631E+00  6.7439753E+00  1.9249970E-03  1.0010000E-01  1.0010000E-01
  2.4000000E+02  5.6156341E+00  7.7074004E+00  1.9249970E-03  1.0440000E-01  1.0440000E-01
  2.4000000E+02  6.3681946E+00  8.6708254E+00  1.9249970E-03  1.0870000E-01  1.0870000E-01
  2.4000000E+02  7.1056434E+00  9.6342505E+00  1.9249970E-03  1.1300000E-01  1.1300000E-01
  2.4000000E+02  7.8241002E+00  1.0597676E+01  1.9249970E-03  1.1730000E-01  1.1730000E-01
  2.4000000E+02  8.5144970E+00  1.1561101E+01  1.9249970E-03  1.2160000E-01  1.2160000E-01
  2.4000000E+02  9.1651224E+00  1.2524526E+01  1.9249970E-03  1.2590000E-01  1.2590000E-01
  2.4000000E+02  9.7665957E+00  1.3487951E+01  1.9249970E-03  1.3020000E-01  1.3020000E-01
  2.4000000E+02  1.0316484E+01  1.4451376E+01  1.9249970E-03  1.3450000E-01  1.3450000E-01
  2.4000000E+02  1.0820241E+01  1.5414801E+01  1.9249970E-03  1.3880000E-01  1.3880000E-01
  2.4000000E+02  1.1287318E+01  1.6378226E+01  1.9249970E-03  1.4310000E-01  1.4310000E-01
  2.4000000E+02  1.1726900E+01  1.7341651E+01  1.9249970E-03  1.4740000E-01  1.4740000E-01
  2.4000000E+02  1.2145858E+01  1.8305076E+01  1.9249970E-03  1.5170000E-01  1.5170000E-01
  2.4000000E+02  1.2548477E+01  1.9268501E+01  1.9249970E-03  1.5600000E-01  1.5600000E-01
  2.4000000E+02  1.2937077E+01  2.0231926E+01  1.9249970E-03  1.6030000E-01  1.6030000E-01
  2.4000000E+02  1.3312673E+01  2.1195351E+01  1.9249970E-03  1.6460000E-01  1.6460000E-01
  2.4000000E+02  1.3675252E+01  2.2158776E+01  1.9249970E-03  1.6890000E-01  1.6890000E-01
  2.4000000E+02  1.4024489E+01  2.3122201E+01  1.9249970E-03  1.7320000E-01  1.7320000E-01
  2.4000000E+02  1.4359754E+01  2.4085626E+01  1.9249970E-03  1.7750000E-01  1.7750000E-01
  2.4000000E+02  1.4680572E+01  2.5049051E+01  1.9249970E-03  1.8180000E-01  1.8180000E-01
  2.4000000E+02  1.4986702E+01  2.6012476E+01  1.9249970E-03  1.8610000E-01  1.8610000E-01
  2.4000000E+02  1.5278175E+01  2.6975901E+01  1.9249970E-03  1.9040000E-01  1.9040000E-01
  2.4000000E+02  1.5555282E+01  2.7939326E+01  1.9249970E-03  1.9470000E-01  1.9470000E-01
  2.4000000E+02  1.5818528E+01  2.8902751E+01  1.9249970E-03  1.9900000E-01  1.9900000E-01
  2.4000000E+02  1.6068572E+01  2.9866177E+01  1.9249970E-03  2.0330000E-01  2.0330000E-01
  2.4000000E+02  1.6306166E+01  3.0829602E+01  1.9249970E-03  2.0760000E-01  2.0760000E-01
  2.4000000E+02  1.6532197E+01  3.1793027E+01  1.9249970E-03  2.1190000E-01  2.1190000E-01
  2.4000000E+02  1.6747481E+01  3.2756452E+01  1.9249970E-03  2.1620000E-01  2.1620000E-01
  2.4000000E+02  1.6952862E+01  3.3719877E+01  1.9249970E-03  2.2050000E-01  2.2050000E-01
  2.4000000E+02  1.7149215E+01  3.4683302E+01  1.9249970E-03  2.2480000E-01  2.2480000E-01
  2.4000000E+02  1.7337379E+01  3.5646727E+01  1.9249970E-03  2.2910000E-01  2.2910000E-01
  2.4000000E+02  1.7518130E+01  3.6610152E+01  1.9249970E-03  2.3340000E-01  2.3340000E-01
  2.4000000E+02  1.7692181E+01  3.7573577E+01  1.9249970E-03  2.3770000E-01  2.3770000E-01
  2.4000000E+02  1.7860189E+01  3.8537002E+01  1.9249970E-03  2.4200000E-01  2.4200000E-01
  2.4000000E+02  1.8022767E+01  3.9500427E+01  1.9249970E-03  2.4630000E-01  2.4630000E-01
  2.4000000E+02  1.8180487E+01  4.0463852E+01  1.9249970E-03  2.5060000E-01  2.5060000E-01
  2.4000000E+02  1.8333866E+01  4.1427277E+01  1.9249970E-03  2.5490000E-01  2.5490000E-01
  2.4000000E+02  1.8483401E+01  4.2390702E+01  1.9249970E-03  2.5920000E-01  2.5920000E-01
  2.4000000E+02  1.8629532E+01  4.3354127E+01  1.9249970E-03  2.6350000E-01  2.6350000E-01
  2.4000000E+02  1.8772648E+01  4.4317552E+01  1.9249970E-03  2.6780000E-01  2.6780000E-01
  2.4000000E+02  1.8913079E+01  4.5280977E+01  1.9249970E-03  2.7210000E-01  2.7210000E-01
  2.4000000E+02  1.9051100E+01  4.6244402E+01  1.9249970E-03  2.7640000E-01  2.7640000E-01
  2.4000000E+02  1.9186937E+01  4.7207827E+01  1.9249970E-03  2.8070000E-01  2.8070000E-01
  2.4000000E+02  1.9320771E+01  4.8171252E+01  1.9249970E-03  2.8500000E-01  2.8500000E-01
  2.4000000E+02  1.9452748E+01  4.9134678E+01  1.9249970E-03  2.8930000E-01  2.8930000E-01
  2.4000000E+02  1.9582988E+01  5.0098103E+01  1.9249970E-03  2.9360000E-01  2.9360000E-01
  2.4000000E+02  1.9711596E+01  5.1061528E+01  1.9249970E-03  2.9790000E-01  2.9790000E-01
  2.4000000E+02  1.9838663E+01  5.2024953E+01  1.9249970E-03  3.0220000E-01  3.0220000E-01
  2.4000000E+02  1.9964276E+01  5.2988378E+01  1.9249970E-03  3.0650000E-01  3.0650000E-01
  2.4000000E+02  2.0088526E+01  5.3951803E+01  1.9249970E-03  3.1080000E-01  3.1080000E-01
  2.4000000E+02  2.0211471E+01  5.4915228E+01  1.9249970E-03  3.1510000E-01  3.1510000E-01
  2.4000000E+02  2.0333163E+01  5.5878653E+01  1.9249970E-03  3.1940000E-01  3.1940000E-01
  2.4000000E+02  2.0453648E+01  5.6842078E+01  1.9249970E-03  3.2370000E-01  3.2370000E-01
  2.4000000E+02  2.0572967E+01  5.7805503E+01  1.9249970E-03  3.2800000E-01  3.2800000E-01
  2.4000000E+02  2.0691159E+01  5.8768928E+01  1.9249970E-03  3.3230000E-01  3.3230000E-01
  2.4000000E+02  2.0808259E+01  5.9732353E+01  1.9249970E-03  3.3660000E-01  3.3660000E-01
  2.4000000E+02  2.0924298E+01  6.0695778E+01  1.9249970E-03  3.4090000E-01  3.4090000E-01
  2.4000000E+02  2.1039306E+01  6.1659203E+01  1.9249970E-03  3.4520000E-01  3.4520000E-01
  2.4000000E+02  2.1153310E+01  6.2622628E+01  1.9249970E-03  3.4950000E-01  3.4950000E-01
  2.4000000E+02  2.1266341E+01  6.3586053E+01  1.9249970E-03  3.5380000E-01  3.5380000E-01
  2.4000000E+02  2.1378429E+01  6.4549478E+01  1.9249970E-03  3.5810000E-01  3.5810000E-01
  2.4000000E+02  2.1489594E+01  6.5512903E+01  1.9249970E-03  3.6240000E-01  3.6240000E-01
  2.4000000E+02  2.1599844E+01  6.6476328E+01  1.9249970E-03  3.6670000E-01  3.6670000E-01
  2.4000000E+02  2.1709180E+01  6.7439753E+01  1.9249970E-03  3.7100000E-01  3.7100000E-01
  2.4000000E+02  2.1817601E+01  6.8403179E+01  1.9249970E-03  3.7530000E-01  3.7530000E-01
  2.4000000E+02  2.1925102E+01  6.9366604E+01  1.9249970E-03  3.7960000E-01  3.7960000E-01
  2.4000000E+02  2.2031680E+01  7.0330029E+01  1.9249970E-03  3.8390000E-01  3.8390000E-01
  2.4000000E+02  2.2137331E+01  7.1293454E+01  1.9249970E-03  3.8820000E-01  3.8820000E-01
  2.4000000E+02  2.2242053E+01  7.2256879E+01  1.9249970E-03  3.9250000E-01  3.9250000E-01
  2.4000000E+02  2.2345844E+01  7.3220304E+01  1.9249970E-03  3.9680000E-01  3.9680000E-01
  2.4000000E+02  2.2448703E+01  7.4183729E+01  1.9249970E-03  4.0110000E-01  4.0110000E-01
  2.4000000E+02  2.2550628E+01  7.5147154E+01  1.9249970E-03  4.0540000E-01  4.0540000E-01
  2.4000000E+02  2.2651615E+01  7.6110579E+01  1.9249970E-03  4.0970000E-01  4.0970000E-01
  2.4000000E+02  2.2751654E+01  7.7074004E+01  1.9249970E-03  4.1400000E-01  4.1400000E-01
  2.4000000E+02  2.2850741E+01  7.8037429E+01  1.9249970E-03  4.1830000E-01  4.1830000E-01
  2.4000000E+02  2.2948869E+01  7.9000854E+01  1.9249970E-03  4.2260000E-01  4.2260000E-01
  2.4000000E+02  2.3046022E+01  7.9964279E+01  1.9249970E-03  4.2690000E-01  4.2690000E-01
  2.4000000E+02  2.3142175E+01  8.0927704E+01  1.9249970E-03  4.3120000E-01  4.3120000E-01
  2.4000000E+02  2.3237298E+01  8.1891129E+01  1.9249970E-03  4.3550000E-01  4.3550000E-01
  2.4000000E+02  2.3331367E+01  8.2854554E+01  1.9249970E-03  4.3980000E-01  4.3980000E-01
  2.4000000E+02  2.3424368E+01  8.3817979E+01  1.9249970E-03  4.4410000E-01  4.4410000E-01
  2.4000000E+02  2.3516295E+01  8.4781404E+01  1.9249970E-03  4.4840000E-01  4.4840000E-01
  2.4000000E+02  2.3607152E+01  8.5744829E+01  1.9249970E-03  4.5270000E-01  4.5270000E-01
  2.4000000E+02  2.3696952E+01  8.6708254E+01  1.9249970E-03  4.5700000E-01  4.5700000E-01
  2.4000000E+02  2.3785713E+01  8.7671680E+01  1.9249970E-03  4.6130000E-01  4.6130000E-01
  2.4000000E+02  2.3873452E+01  8.8635105E+01  1.9249970E-03  4.6560000E-01  4.6560000E-01
  2.4000000E+02  2.3960181E+01  8.9598530E+01  1.9249970E-03  4.6990000E-01  4.6990000E-01
  2.4000000E+02  2.4045899E+01  9.0561955E+01  1.9249970E-03  4.7420000E-01  4.7420000E-01
  2.4000000E+02  2.4130601E+01  9.1525380E+01  1.9249970E-03  4.7850000E-01  4.7850000E-01
  2.4000000E+02  2.4214276E+01  9.2488805E+01  1.9249970E-03  4.8280000E-01  4.8280000E-01
  2.4000000E+02  2.4296921E+01  9.3452230E+01  1.9249970E-03  4.8710000E-01  4.8710000E-01
  2.4000000E+02  2.4378542E+01  9.4415655E+01  1.9249970E-03  4.9140000E-01  4.9140000E-01
  2.4000000E+02  2.4459150E+01  9.5379080E+01  1.9249970E-03  4.9570000E-01  4.9570000E-01
  2.4000000E+02  2.4538751E+01  9.6342505E+01  1.9249970E-03  5.0000000E-01  5.0000000E-01
