          atime         ptr_uu         ptr_vv         ptr_ww         pm1avg           tavg
  7.8507600E+01  0.0000000E+00  0.0000000E+00  0.0000000E+00  4.8925311E-02  0.0000000E+00
  7.8507600E+01  4.4949329E-04 -1.4308277E-07  0.0000000E+00  4.8925749E-02  0.0000000E+00
  7.8507600E+01  1.7835957E-03 -2.1581925E-06  0.0000000E+00  4.8927057E-02  0.0000000E+00
  7.8507600E+01  3.9594391E-03 -1.0498803E-05  0.0000000E+00  4.8929164E-02  0.0000000E+00
  7.8507600E+01  6.9055472E-03 -3.1506658E-05  0.0000000E+00  4.8931768E-02  0.0000000E+00
  7.8507600E+01  1.0522996E-02 -7.1913374E-05  0.0000000E+00  4.8934060E-02  0.0000000E+00
  7.8507600E+01  1.4680227E-02 -1.3729947E-04  0.0000000E+00  4.8934343E-02  0.0000000E+00
  7.8507600E+01  1.9209642E-02 -2.3049857E-04  0.0000000E+00  4.8929592E-02  0.0000000E+00
  7.8507600E+01  2.3900162E-02 -3.4961981E-04  0.0000000E+00  4.8914952E-02  0.0000000E+00
  7.8507600E+01  2.8489194E-02 -4.8624906E-04  0.0000000E+00  4.8883300E-02  0.0000000E+00
  7.8507600E+01  3.2659404E-02 -6.2348668E-04  0.0000000E+00  4.8824957E-02  0.0000000E+00
  7.8507600E+01  3.6050373E-02 -7.3118537E-04  0.0000000E+00  4.8727747E-02  0.0000000E+00
  7.8507600E+01  3.8292894E-02 -7.7026134E-04  0.0000000E+00  4.8577445E-02  0.0000000E+00
  7.8507600E+01  3.9061358E-02 -6.9352958E-04  0.0000000E+00  4.8358510E-02  0.0000000E+00
  7.8507600E+01  3.8133720E-02 -4.5412817E-04  0.0000000E+00  4.8056359E-02  0.0000000E+00
  7.8507600E+01  3.5445198E-02 -2.3057233E-05  0.0000000E+00  4.7657660E-02  0.0000000E+00
  7.8507600E+01  3.1113622E-02  6.0065921E-04  0.0000000E+00  4.7153894E-02  0.0000000E+00
  7.8507600E+01  2.5417387E-02  1.3954170E-03  0.0000000E+00  4.6540837E-02  0.0000000E+00
  7.8507600E+01  1.8769310E-02  2.3018053E-03  0.0000000E+00  4.5821842E-02  0.0000000E+00
  7.8507600E+01  1.1622615E-02  3.2485275E-03  0.0000000E+00  4.5004613E-02  0.0000000E+00
  7.8507600E+01  4.4174902E-03  4.1701284E-03  0.0000000E+00  4.4103824E-02  0.0000000E+00
  7.8507600E+01 -2.5042080E-03  5.0376512E-03  0.0000000E+00  4.3137400E-02  0.0000000E+00
  7.8507600E+01 -8.9104528E-03  5.8544482E-03  0.0000000E+00  4.2128023E-02  0.0000000E+00
  7.8507600E+01 -1.4701682E-02  6.6493483E-03  0.0000000E+00  4.1097641E-02  0.0000000E+00
  7.8507600E+01 -1.9853249E-02  7.4534812E-03  0.0000000E+00  4.0068958E-02  0.0000000E+00
  7.8507600E+01 -2.4395398E-02  8.2652390E-03  0.0000000E+00  3.9062010E-02  0.0000000E+00
  7.8507600E+01 -2.8381588E-02  9.0461245E-03  0.0000000E+00  3.8093758E-02  0.0000000E+00
  7.8507600E+01 -3.1861064E-02  9.7196122E-03  0.0000000E+00  3.7177695E-02  0.0000000E+00
  7.8507600E+01 -3.4891170E-02  1.0185314E-02  0.0000000E+00  3.6322106E-02  0.0000000E+00
  7.8507600E+01 -3.7531096E-02  1.0360711E-02  0.0000000E+00  3.5532263E-02  0.0000000E+00
  7.8507600E+01 -3.9849676E-02  1.0205956E-02  0.0000000E+00  3.4808192E-02  0.0000000E+00
  7.8507600E+01 -4.1924189E-02  9.7385635E-03  0.0000000E+00  3.4146943E-02  0.0000000E+00
  7.8507600E+01 -4.3842263E-02  9.0430236E-03  0.0000000E+00  3.3543356E-02  0.0000000E+00
  7.8507600E+01 -4.5697125E-02  8.2699947E-03  0.0000000E+00  3.2989523E-02  0.0000000E+00
  7.8507600E+01 -4.7599629E-02  7.5530022E-03  0.0000000E+00  3.2477137E-02  0.0000000E+00
  7.8507600E+01 -4.9648833E-02  7.0410929E-03  0.0000000E+00  3.1997416E-02  0.0000000E+00
  7.8507600E+01 -5.1866990E-02  6.7948373E-03  0.0000000E+00  3.1542068E-02  0.0000000E+00
  7.8507600E+01 -5.4242916E-02  6.8252697E-03  0.0000000E+00  3.1102655E-02  0.0000000E+00
  7.8507600E+01 -5.6796544E-02  7.1225793E-03  0.0000000E+00  3.0672934E-02  0.0000000E+00
  7.8507600E+01 -5.9577054E-02  7.6572515E-03  0.0000000E+00  3.0246408E-02  0.0000000E+00
  7.8507600E+01 -6.2605262E-02  8.3952522E-03  0.0000000E+00  2.9816822E-02  0.0000000E+00
  7.8507600E+01 -6.5865581E-02  9.3924553E-03  0.0000000E+00  2.9381119E-02  0.0000000E+00
  7.8507600E+01 -6.9278863E-02  1.0572277E-02  0.0000000E+00  2.8937767E-02  0.0000000E+00
  7.8507600E+01 -7.2855955E-02  1.2217682E-02  0.0000000E+00  2.8487134E-02  0.0000000E+00
  7.8507600E+01 -7.6608756E-02  1.4431807E-02  0.0000000E+00  2.8033538E-02  0.0000000E+00
  7.8507600E+01 -8.0636654E-02  1.7307229E-02  0.0000000E+00  2.7580725E-02  0.0000000E+00
  7.8507600E+01 -8.5021126E-02  2.0863729E-02  0.0000000E+00  2.7133905E-02  0.0000000E+00
  7.8507600E+01 -8.9760697E-02  2.4983814E-02  0.0000000E+00  2.6701353E-02  0.0000000E+00
  7.8507600E+01 -9.4814690E-02  2.9443965E-02  0.0000000E+00  2.6290318E-02  0.0000000E+00
  7.8507600E+01 -1.0016656E-01  3.4013473E-02  0.0000000E+00  2.5907203E-02  0.0000000E+00
  7.8507600E+01 -1.0564093E-01  3.8282107E-02  0.0000000E+00  2.5558555E-02  0.0000000E+00
  7.8507600E+01 -1.1104138E-01  4.2117907E-02  0.0000000E+00  2.5251885E-02  0.0000000E+00
  7.8507600E+01 -1.1621270E-01  4.5464846E-02  0.0000000E+00  2.4992419E-02  0.0000000E+00
  7.8507600E+01 -1.2106883E-01  4.8242131E-02  0.0000000E+00  2.4786233E-02  0.0000000E+00
  7.8507600E+01 -1.2552676E-01  5.0343394E-02  0.0000000E+00  2.4638669E-02  0.0000000E+00
  7.8507600E+01 -1.2941248E-01  5.1630736E-02  0.0000000E+00  2.4554686E-02  0.0000000E+00
  7.8507600E+01 -1.3255676E-01  5.2053963E-02  0.0000000E+00  2.4535936E-02  0.0000000E+00
  7.8507600E+01 -1.3489478E-01  5.1762112E-02  0.0000000E+00  2.4582006E-02  0.0000000E+00
  7.8507600E+01 -1.3650961E-01  5.0907046E-02  0.0000000E+00  2.4690461E-02  0.0000000E+00
  7.8507600E+01 -1.3758230E-01  4.9519791E-02  0.0000000E+00  2.4857585E-02  0.0000000E+00
  7.8507600E+01 -1.3826496E-01  4.7588452E-02  0.0000000E+00  2.5076332E-02  0.0000000E+00
  7.8507600E+01 -1.3820426E-01  4.5118318E-02  0.0000000E+00  2.5333599E-02  0.0000000E+00
  7.8507600E+01 -1.3693568E-01  4.2254597E-02  0.0000000E+00  2.5618114E-02  0.0000000E+00
  7.8507600E+01 -1.3408758E-01  3.9199447E-02  0.0000000E+00  2.5917972E-02  0.0000000E+00
  7.8507600E+01 -1.2956905E-01  3.6117710E-02  0.0000000E+00  2.6217469E-02  0.0000000E+00
  7.8507600E+01 -1.2359172E-01  3.3010788E-02  0.0000000E+00  2.6507018E-02  0.0000000E+00
  7.8507600E+01 -1.1688781E-01  2.9916497E-02  0.0000000E+00  2.6774874E-02  0.0000000E+00
  7.8507600E+01 -1.0999441E-01  2.7214439E-02  0.0000000E+00  2.7010378E-02  0.0000000E+00
  7.8507600E+01 -1.0314743E-01  2.5055115E-02  0.0000000E+00  2.7202253E-02  0.0000000E+00
  7.8507600E+01 -9.6063743E-02  2.3184743E-02  0.0000000E+00  2.7344730E-02  0.0000000E+00
  7.8507600E+01 -8.8607040E-02  2.1435566E-02  0.0000000E+00  2.7436116E-02  0.0000000E+00
  7.8507600E+01 -8.0972539E-02  1.9780354E-02  0.0000000E+00  2.7473400E-02  0.0000000E+00
  7.8507600E+01 -7.3424841E-02  1.8287172E-02  0.0000000E+00  2.7451676E-02  0.0000000E+00
  7.8507600E+01 -6.6314170E-02  1.7064413E-02  0.0000000E+00  2.7364179E-02  0.0000000E+00
  7.8507600E+01 -5.9966578E-02  1.6037284E-02  0.0000000E+00  2.7208295E-02  0.0000000E+00
  7.8507600E+01 -5.4256908E-02  1.5372157E-02  0.0000000E+00  2.6985437E-02  0.0000000E+00
  7.8507600E+01 -4.9174613E-02  1.5038212E-02  0.0000000E+00  2.6699419E-02  0.0000000E+00
  7.8507600E+01 -4.4592865E-02  1.4837087E-02  0.0000000E+00  2.6355424E-02  0.0000000E+00
  7.8507600E+01 -4.0577264E-02  1.4589881E-02  0.0000000E+00  2.5962072E-02  0.0000000E+00
  7.8507600E+01 -3.7191314E-02  1.4219666E-02  0.0000000E+00  2.5530297E-02  0.0000000E+00
  7.8507600E+01 -3.4372636E-02  1.3764640E-02  0.0000000E+00  2.5065797E-02  0.0000000E+00
  7.8507600E+01 -3.2000427E-02  1.3317218E-02  0.0000000E+00  2.4572863E-02  0.0000000E+00
  7.8507600E+01 -2.9992364E-02  1.2861784E-02  0.0000000E+00  2.4056791E-02  0.0000000E+00
  7.8507600E+01 -2.8258190E-02  1.2298178E-02  0.0000000E+00  2.3519740E-02  0.0000000E+00
  7.8507600E+01 -2.6904905E-02  1.1676464E-02  0.0000000E+00  2.2965453E-02  0.0000000E+00
  7.8507600E+01 -2.5889300E-02  1.1030468E-02  0.0000000E+00  2.2401940E-02  0.0000000E+00
  7.8507600E+01 -2.5116546E-02  1.0403893E-02  0.0000000E+00  2.1836149E-02  0.0000000E+00
  7.8507600E+01 -2.4519597E-02  9.7936711E-03  0.0000000E+00  2.1275657E-02  0.0000000E+00
  7.8507600E+01 -2.4047002E-02  9.1774478E-03  0.0000000E+00  2.0727111E-02  0.0000000E+00
  7.8507600E+01 -2.3634548E-02  8.5644393E-03  0.0000000E+00  2.0192731E-02  0.0000000E+00
  7.8507600E+01 -2.3215548E-02  8.0089687E-03  0.0000000E+00  1.9673491E-02  0.0000000E+00
  7.8507600E+01 -2.2744534E-02  7.5772643E-03  0.0000000E+00  1.9170114E-02  0.0000000E+00
  7.8507600E+01 -2.2250556E-02  7.3415111E-03  0.0000000E+00  1.8678534E-02  0.0000000E+00
  7.8507600E+01 -2.1741940E-02  7.2758289E-03  0.0000000E+00  1.8196094E-02  0.0000000E+00
  7.8507600E+01 -2.1165611E-02  7.3466937E-03  0.0000000E+00  1.7722941E-02  0.0000000E+00
  7.8507600E+01 -2.0520580E-02  7.4713813E-03  0.0000000E+00  1.7256713E-02  0.0000000E+00
  7.8507600E+01 -1.9860028E-02  7.5567975E-03  0.0000000E+00  1.6798886E-02  0.0000000E+00
  7.8507600E+01 -1.9229044E-02  7.5621662E-03  0.0000000E+00  1.6348536E-02  0.0000000E+00
  7.8507600E+01 -1.8632306E-02  7.5168175E-03  0.0000000E+00  1.5905508E-02  0.0000000E+00
  7.8507600E+01 -1.8051264E-02  7.4186565E-03  0.0000000E+00  1.5469726E-02  0.0000000E+00
  7.8507600E+01 -1.7491910E-02  7.2699988E-03  0.0000000E+00  1.5041925E-02  0.0000000E+00
  7.8507600E+01 -1.6987423E-02  7.0917653E-03  0.0000000E+00  1.4621454E-02  0.0000000E+00
  7.8507600E+01 -1.6511809E-02  6.9036148E-03  0.0000000E+00  1.4210983E-02  0.0000000E+00
  7.8507600E+01 -1.6044619E-02  6.7094201E-03  0.0000000E+00  1.3809456E-02  0.0000000E+00
  7.8507600E+01 -1.5567084E-02  6.4763297E-03  0.0000000E+00  1.3414665E-02  0.0000000E+00
  7.8507600E+01 -1.5080864E-02  6.1721146E-03  0.0000000E+00  1.3027983E-02  0.0000000E+00
  7.8507600E+01 -1.4612891E-02  5.8059311E-03  0.0000000E+00  1.2648812E-02  0.0000000E+00
  7.8507600E+01 -1.4204444E-02  5.4299548E-03  0.0000000E+00  1.2277440E-02  0.0000000E+00
  7.8507600E+01 -1.3807559E-02  5.0937639E-03  0.0000000E+00  1.1913860E-02  0.0000000E+00
  7.8507600E+01 -1.3438053E-02  4.7996435E-03  0.0000000E+00  1.1560212E-02  0.0000000E+00
  7.8507600E+01 -1.3073926E-02  4.5531170E-03  0.0000000E+00  1.1217420E-02  0.0000000E+00
  7.8507600E+01 -1.2722992E-02  4.3669627E-03  0.0000000E+00  1.0886510E-02  0.0000000E+00
  7.8507600E+01 -1.2378493E-02  4.2282137E-03  0.0000000E+00  1.0565698E-02  0.0000000E+00
  7.8507600E+01 -1.2030762E-02  4.1041194E-03  0.0000000E+00  1.0255184E-02  0.0000000E+00
  7.8507600E+01 -1.1680905E-02  3.9619652E-03  0.0000000E+00  9.9527241E-03  0.0000000E+00
  7.8507600E+01 -1.1337840E-02  3.7933416E-03  0.0000000E+00  9.6590530E-03  0.0000000E+00
  7.8507600E+01 -1.0959289E-02  3.6082355E-03  0.0000000E+00  9.3757406E-03  0.0000000E+00
  7.8507600E+01 -1.0532501E-02  3.4238673E-03  0.0000000E+00  9.1039669E-03  0.0000000E+00
  7.8507600E+01 -1.0087624E-02  3.2448403E-03  0.0000000E+00  8.8451368E-03  0.0000000E+00
  7.8507600E+01 -9.6390239E-03  3.0643617E-03  0.0000000E+00  8.5979090E-03  0.0000000E+00
  7.8507600E+01 -9.1995251E-03  2.8731027E-03  0.0000000E+00  8.3619948E-03  0.0000000E+00
  7.8507600E+01 -8.7803832E-03  2.6684098E-03  0.0000000E+00  8.1357417E-03  0.0000000E+00
  7.8507600E+01 -8.3945325E-03  2.4651775E-03  0.0000000E+00  7.9182520E-03  0.0000000E+00
  7.8507600E+01 -8.0513605E-03  2.2921814E-03  0.0000000E+00  7.7092871E-03  0.0000000E+00
  7.8507600E+01 -7.7407461E-03  2.1532415E-03  0.0000000E+00  7.5077284E-03  0.0000000E+00
  7.8507600E+01 -7.4213413E-03  2.0654049E-03  0.0000000E+00  7.3141664E-03  0.0000000E+00
  7.8507600E+01 -7.0984953E-03  2.0112536E-03  0.0000000E+00  7.1277550E-03  0.0000000E+00
  7.8507600E+01 -6.7772525E-03  1.9831747E-03  0.0000000E+00  6.9491738E-03  0.0000000E+00
  7.8507600E+01 -6.4678323E-03  1.9855481E-03  0.0000000E+00  6.7768584E-03  0.0000000E+00
