          atime        pres_st        turb_df           diss        visc_df        garbage
  7.8507600E+01  1.1456773E-06 -3.2185001E-09 -9.5615398E-02  9.5618509E-02  0.0000000E+00
  7.8507600E+01  1.6003410E-04  2.9811403E-08 -9.4994754E-02  9.4610860E-02  8.0149388E-10
  7.8507600E+01  6.2967170E-04  8.6166112E-07 -9.3161084E-02  9.1640500E-02  5.0619726E-08
  7.8507600E+01  1.3893016E-03  9.3383143E-06 -9.0193706E-02  8.6829756E-02  5.6832087E-07
  7.8507600E+01  2.4050781E-03  4.9730891E-05 -8.6209198E-02  8.0328953E-02  3.1262978E-06
  7.8507600E+01  3.6317062E-03  1.7573318E-04 -8.1341062E-02  7.2315037E-02  1.1587739E-05
  7.8507600E+01  5.0127755E-03  4.7577728E-04 -7.5729097E-02  6.2951811E-02  3.3292485E-05
  7.8507600E+01  6.4824111E-03  1.0613730E-03 -6.9513719E-02  5.2343407E-02  7.9773333E-05
  7.8507600E+01  7.9658479E-03  2.0310278E-03 -6.2848208E-02  4.0730460E-02  1.6620455E-04
  7.8507600E+01  9.3804220E-03  3.4153630E-03 -5.5926096E-02  2.8329819E-02  3.0857861E-04
  7.8507600E+01  1.0637374E-02  5.1295702E-03 -4.9011395E-02  1.5709039E-02  5.1784076E-04
  7.8507600E+01  1.1645639E-02  6.9445824E-03 -4.2443610E-02  3.6373856E-03  7.9164355E-04
  7.8507600E+01  1.2321057E-02  8.5488233E-03 -3.6602602E-02 -6.9176521E-03  1.1057818E-03
  7.8507600E+01  1.2596971E-02  9.6518103E-03 -3.1829662E-02 -1.5067860E-02  1.4122588E-03
  7.8507600E+01  1.2434880E-02  1.0099834E-02 -2.8353879E-02 -2.0193688E-02  1.6447678E-03
  7.8507600E+01  1.1835326E-02  9.9651191E-03 -2.6205011E-02 -2.2145504E-02  1.7376726E-03
  7.8507600E+01  1.0842507E-02  9.5333667E-03 -2.5238033E-02 -2.1284494E-02  1.6492253E-03
  7.8507600E+01  9.5376598E-03  9.1849279E-03 -2.5166282E-02 -1.8399465E-02  1.3813792E-03
  7.8507600E+01  8.0342651E-03  9.2512735E-03 -2.5643028E-02 -1.4350709E-02  9.8640671E-04
  7.8507600E+01  6.4563607E-03  9.8931831E-03 -2.6350270E-02 -9.9988354E-03  5.5625007E-04
  7.8507600E+01  4.9291188E-03  1.1126927E-02 -2.7037803E-02 -5.9745067E-03  2.0162644E-04
  7.8507600E+01  3.5611574E-03  1.2855363E-02 -2.7537980E-02 -2.6843605E-03  2.8632394E-05
  7.8507600E+01  2.4389151E-03  1.4905583E-02 -2.7769587E-02 -3.1525009E-04  1.2005344E-04
  7.8507600E+01  1.6149734E-03  1.7096899E-02 -2.7726235E-02  1.1372589E-03  5.2347591E-04
  7.8507600E+01  1.1127157E-03  1.9280668E-02 -2.7450615E-02  1.7920663E-03  1.2507131E-03
  7.8507600E+01  9.3140894E-04  2.1344680E-02 -2.7020784E-02  1.8514694E-03  2.2823915E-03
  7.8507600E+01  1.0485281E-03  2.3238469E-02 -2.6525187E-02  1.5301675E-03  3.5762535E-03
  7.8507600E+01  1.4331031E-03  2.4981724E-02 -2.6044280E-02  1.0258267E-03  5.0775637E-03
  7.8507600E+01  2.0469273E-03  2.6618449E-02 -2.5628783E-02  4.4683256E-04  6.7313564E-03
  7.8507600E+01  2.8486749E-03  2.8131756E-02 -2.5306258E-02 -1.4504204E-04  8.4864526E-03
  7.8507600E+01  3.7956413E-03  2.9452362E-02 -2.5093314E-02 -6.8952272E-04  1.0307093E-02
  7.8507600E+01  4.8423159E-03  3.0497743E-02 -2.5004085E-02 -1.1215999E-03  1.2174228E-02
  7.8507600E+01  5.9440319E-03  3.1238898E-02 -2.5043430E-02 -1.3918049E-03  1.4084778E-02
  7.8507600E+01  7.0708497E-03  3.1734077E-02 -2.5197128E-02 -1.4688422E-03  1.6050774E-02
  7.8507600E+01  8.1901010E-03  3.1951687E-02 -2.5478934E-02 -1.4354275E-03  1.8092573E-02
  7.8507600E+01  9.2837312E-03  3.1908344E-02 -2.5838989E-02 -1.2968647E-03  2.0241984E-02
  7.8507600E+01  1.0328292E-02  3.1574905E-02 -2.6284124E-02 -1.1298432E-03  2.2535355E-02
  7.8507600E+01  1.1310528E-02  3.0945292E-02 -2.6790384E-02 -1.0386501E-03  2.5003680E-02
  7.8507600E+01  1.2214277E-02  3.0047225E-02 -2.7326235E-02 -1.0862133E-03  2.7665329E-02
  7.8507600E+01  1.3031518E-02  2.8883091E-02 -2.7878015E-02 -1.2529856E-03  3.0544736E-02
  7.8507600E+01  1.3768343E-02  2.7356790E-02 -2.8449287E-02 -1.4269318E-03  3.3677605E-02
  7.8507600E+01  1.4427242E-02  2.5295317E-02 -2.9002541E-02 -1.4077848E-03  3.7097968E-02
  7.8507600E+01  1.5068370E-02  2.2528680E-02 -2.9785338E-02 -1.1461891E-03  4.0780998E-02
  7.8507600E+01  1.5717560E-02  1.9105370E-02 -3.0506496E-02 -7.5028701E-04  4.4715791E-02
  7.8507600E+01  1.6445740E-02  1.5052139E-02 -3.1246737E-02 -3.3773495E-04  4.8862820E-02
  7.8507600E+01  1.7317797E-02  1.0176543E-02 -3.1990162E-02 -2.0561470E-05  5.3216283E-02
  7.8507600E+01  1.8379000E-02  4.4550313E-03 -3.2708593E-02  1.4732012E-04  5.7794308E-02
  7.8507600E+01  1.9630034E-02 -1.9270810E-03 -3.3398261E-02  1.4997892E-04  6.2627955E-02
  7.8507600E+01  2.1020642E-02 -8.7662557E-03 -3.4044084E-02 -4.7996762E-05  6.7786018E-02
  7.8507600E+01  2.2463327E-02 -1.5740519E-02 -3.4460792E-02 -5.3381437E-04  7.3303615E-02
  7.8507600E+01  2.3879555E-02 -2.2432490E-02 -3.4906753E-02 -1.1437060E-03  7.9072754E-02
  7.8507600E+01  2.5201893E-02 -2.8791644E-02 -3.5079263E-02 -1.7562811E-03  8.4880299E-02
  7.8507600E+01  2.6377313E-02 -3.4373977E-02 -3.5232989E-02 -1.9505848E-03  9.0515067E-02
  7.8507600E+01  2.7356373E-02 -3.9311285E-02 -3.5479502E-02 -1.7787779E-03  9.5863323E-02
  7.8507600E+01  2.8116042E-02 -4.3743372E-02 -3.5710577E-02 -1.5622543E-03  1.0087187E-01
  7.8507600E+01  2.8666741E-02 -4.7525960E-02 -3.5800888E-02 -1.6158394E-03  1.0544451E-01
  7.8507600E+01  2.9051836E-02 -5.0324115E-02 -3.5733480E-02 -2.0273905E-03  1.0947383E-01
  7.8507600E+01  2.9279147E-02 -5.1702220E-02 -3.5425033E-02 -2.5111296E-03  1.1282894E-01
  7.8507600E+01  2.9265232E-02 -5.1366059E-02 -3.4941061E-02 -3.0688554E-03  1.1537254E-01
  7.8507600E+01  2.8939165E-02 -4.8851568E-02 -3.4092693E-02 -3.6392881E-03  1.1707595E-01
  7.8507600E+01  2.8291935E-02 -4.4729057E-02 -3.3254074E-02 -3.5678513E-03  1.1800840E-01
  7.8507600E+01  2.7368623E-02 -3.9703120E-02 -3.2595287E-02 -2.9350343E-03  1.1783839E-01
  7.8507600E+01  2.6253233E-02 -3.4042431E-02 -3.1898434E-02 -2.1772991E-03  1.1617940E-01
  7.8507600E+01  2.5061663E-02 -2.7797763E-02 -3.1013854E-02 -1.7244629E-03  1.1283340E-01
  7.8507600E+01  2.3894698E-02 -2.1118583E-02 -3.0028960E-02 -1.5830436E-03  1.0797730E-01
  7.8507600E+01  2.2734851E-02 -1.4176229E-02 -2.9021612E-02 -1.3048310E-03  1.0194304E-01
  7.8507600E+01  2.1534874E-02 -6.8754057E-03 -2.7829786E-02 -1.1284739E-03  9.5048488E-02
  7.8507600E+01  2.0351791E-02  1.0994464E-03 -2.6531799E-02 -7.9540867E-04  8.7640048E-02
  7.8507600E+01  1.9238392E-02  8.5057244E-03 -2.5130817E-02 -3.1226263E-04  8.0200774E-02
  7.8507600E+01  1.8246306E-02  1.4396841E-02 -2.3829954E-02  5.8555033E-05  7.2971725E-02
  7.8507600E+01  1.7314291E-02  1.8435709E-02 -2.2575869E-02  3.7011896E-04  6.6024365E-02
  7.8507600E+01  1.6359917E-02  2.0905919E-02 -2.1347153E-02  6.1092203E-04  5.9449624E-02
  7.8507600E+01  1.5335444E-02  2.2375096E-02 -2.0164330E-02  7.5459661E-04  5.3262051E-02
  7.8507600E+01  1.4273741E-02  2.3215924E-02 -1.9002623E-02  8.7170630E-04  4.7554821E-02
  7.8507600E+01  1.3209874E-02  2.3781880E-02 -1.7690386E-02  8.5696400E-04  4.2429101E-02
  7.8507600E+01  1.2214816E-02  2.3802275E-02 -1.6570961E-02  9.0793740E-04  3.7950809E-02
  7.8507600E+01  1.1312985E-02  2.2470979E-02 -1.5491891E-02  9.9949495E-04  3.4057637E-02
  7.8507600E+01  1.0555211E-02  2.0152793E-02 -1.4558182E-02  9.3930000E-04  3.0695760E-02
  7.8507600E+01  9.9073841E-03  1.7680039E-02 -1.3749956E-02  8.0505781E-04  2.7864230E-02
  7.8507600E+01  9.3201660E-03  1.5530520E-02 -1.3038747E-02  6.6065158E-04  2.5555682E-02
  7.8507600E+01  8.7567121E-03  1.3689248E-02 -1.2413919E-02  5.3925080E-04  2.3699757E-02
  7.8507600E+01  8.2081167E-03  1.1999748E-02 -1.1865335E-02  4.8700287E-04  2.2196401E-02
  7.8507600E+01  7.6871462E-03  1.0522850E-02 -1.1321267E-02  3.8481504E-04  2.0936358E-02
  7.8507600E+01  7.1908484E-03  9.0619469E-03 -1.0897747E-02  3.9043090E-04  1.9901002E-02
  7.8507600E+01  6.7368032E-03  7.1869069E-03 -1.0456549E-02  4.9816216E-04  1.8966173E-02
  7.8507600E+01  6.3373559E-03  5.3173281E-03 -1.0018814E-02  4.2414559E-04  1.8167931E-02
  7.8507600E+01  6.0009208E-03  3.8476526E-03 -9.6452180E-03  2.7695730E-04  1.7564615E-02
  7.8507600E+01  5.7229397E-03  2.7422901E-03 -9.3477056E-03  1.5760082E-04  1.7159031E-02
  7.8507600E+01  5.4889377E-03  1.7682454E-03 -9.1061899E-03  8.1022948E-05  1.6881653E-02
  7.8507600E+01  5.2838758E-03  9.0056244E-04 -8.9011532E-03  4.4235588E-05  1.6625014E-02
  7.8507600E+01  5.0941455E-03  2.9963017E-04 -8.7007759E-03  6.3939440E-05  1.6326434E-02
  7.8507600E+01  4.9167306E-03 -1.9449475E-04 -8.5021094E-03  4.3431600E-05  1.6043294E-02
  7.8507600E+01  4.7540779E-03 -8.6587961E-04 -8.2958947E-03  7.5487234E-05  1.5808189E-02
  7.8507600E+01  4.6188857E-03 -1.6042389E-03 -8.0664717E-03  5.4514119E-05  1.5597959E-02
  7.8507600E+01  4.5079287E-03 -2.1290056E-03 -7.8435783E-03 -1.5951299E-05  1.5403468E-02
  7.8507600E+01  4.4015008E-03 -2.3476835E-03 -7.6299911E-03 -1.0014165E-04  1.5218462E-02
  7.8507600E+01  4.2834681E-03 -2.2949086E-03 -7.4268097E-03 -1.7883347E-04  1.5029990E-02
  7.8507600E+01  4.1496078E-03 -2.0390812E-03 -7.2424072E-03 -2.3034589E-04  1.4813995E-02
  7.8507600E+01  4.0081666E-03 -1.6613178E-03 -7.0758556E-03 -2.2043652E-04  1.4542537E-02
  7.8507600E+01  3.8716703E-03 -1.3330906E-03 -6.9036577E-03 -1.9324846E-04  1.4199856E-02
  7.8507600E+01  3.7479851E-03 -1.1150145E-03 -6.7462047E-03 -1.0289850E-04  1.3811851E-02
  7.8507600E+01  3.6328108E-03 -9.9895243E-04 -6.5566845E-03 -1.8774331E-05  1.3414923E-02
  7.8507600E+01  3.5281728E-03 -9.5664889E-04 -6.3637717E-03  1.7684302E-05  1.3032746E-02
  7.8507600E+01  3.4316084E-03 -9.9678699E-04 -6.1749491E-03  3.1745580E-05  1.2666261E-02
  7.8507600E+01  3.3397574E-03 -1.0346262E-03 -5.9961692E-03  3.8235032E-05  1.2308900E-02
  7.8507600E+01  3.2535212E-03 -9.1876294E-04 -5.8302545E-03  2.9024087E-05  1.1958946E-02
  7.8507600E+01  3.1773105E-03 -5.6869483E-04 -5.6647705E-03 -4.8380068E-06  1.1617616E-02
  7.8507600E+01  3.1113445E-03 -1.5974877E-04 -5.4764883E-03 -4.9197666E-05  1.1289283E-02
  7.8507600E+01  3.0571003E-03  1.1179421E-04 -5.3446259E-03  6.2975423E-06  1.0945337E-02
  7.8507600E+01  2.9989607E-03  3.0915328E-04 -5.1857590E-03  5.6595470E-05  1.0578653E-02
  7.8507600E+01  2.9308810E-03  4.8158391E-04 -5.0325508E-03  8.4702666E-05  1.0190601E-02
  7.8507600E+01  2.8524537E-03  5.7037780E-04 -4.8906273E-03  8.5378993E-05  9.7955409E-03
  7.8507600E+01  2.7649470E-03  6.0683914E-04 -4.7549483E-03  5.3610208E-05  9.4120265E-03
  7.8507600E+01  2.6708618E-03  6.5433665E-04 -4.6275992E-03  4.3773657E-07  9.0630434E-03
  7.8507600E+01  2.5716270E-03  6.9528528E-04 -4.5167647E-03 -3.5557950E-05  8.7624269E-03
  7.8507600E+01  2.4675430E-03  6.7425111E-04 -4.4118140E-03 -1.1806995E-05  8.5066449E-03
  7.8507600E+01  2.3642798E-03  5.8436856E-04 -4.3169117E-03  2.6586620E-05  8.2686319E-03
  7.8507600E+01  2.2574353E-03  5.4485249E-04 -4.2001305E-03  4.5819437E-05  8.0195080E-03
  7.8507600E+01  2.1450907E-03  5.5893230E-04 -4.0672880E-03  3.7233194E-05  7.7488066E-03
  7.8507600E+01  2.0331232E-03  5.7317644E-04 -3.9368647E-03  1.9791684E-05  7.4637688E-03
  7.8507600E+01  1.9284991E-03  5.6431460E-04 -3.8135560E-03  4.6403108E-06  7.1759976E-03
  7.8507600E+01  1.8340840E-03  5.4104572E-04 -3.6971053E-03 -1.2094417E-05  6.8928144E-03
  7.8507600E+01  1.7475403E-03  5.3994309E-04 -3.5886667E-03 -3.2708345E-05  6.6190652E-03
  7.8507600E+01  1.6629035E-03  5.9897221E-04 -3.4846684E-03 -4.2588214E-05  6.3583965E-03
  7.8507600E+01  1.5784297E-03  7.0486632E-04 -3.3762251E-03 -3.6036674E-05  6.1126519E-03
  7.8507600E+01  1.4971972E-03  7.9909710E-04 -3.2795731E-03 -2.5605611E-05  5.8856413E-03
  7.8507600E+01  1.4214168E-03  8.7537674E-04 -3.1791088E-03 -8.1733578E-06  5.6692575E-03
  7.8507600E+01  1.3582357E-03  9.0544705E-04 -3.0826692E-03  4.0843062E-07  5.4585777E-03
  7.8507600E+01  1.3104018E-03  8.7837395E-04 -2.9904947E-03 -2.6351947E-08  5.2506255E-03
