          atime          uplus          yplus           Wshr          trash          trash
  7.8507600E+01  0.0000000E+00  0.0000000E+00  2.8301570E-03  0.0000000E+00  0.0000000E+00
  7.8507600E+01  9.5660765E-03  9.5738497E-03  2.8301570E-03  3.7649000E-05  3.7649000E-05
  7.8507600E+01  3.8169187E-02  3.8293873E-02  2.8301570E-03  1.5059000E-04  1.5059000E-04
  7.8507600E+01  8.5522662E-02  8.6156765E-02  2.8301570E-03  3.3881000E-04  3.3881000E-04
  7.8507600E+01  1.5112957E-01  1.5314752E-01  2.8301570E-03  6.0225000E-04  6.0225000E-04
  7.8507600E+01  2.3429974E-01  2.3927631E-01  2.8301570E-03  9.4095000E-04  9.4095000E-04
  7.8507600E+01  3.3405401E-01  3.4451517E-01  2.8301570E-03  1.3548000E-03  1.3548000E-03
  7.8507600E+01  4.4911132E-01  4.6883866E-01  2.8301570E-03  1.8437000E-03  1.8437000E-03
  7.8507600E+01  5.7782257E-01  6.1223407E-01  2.8301570E-03  2.4076000E-03  2.4076000E-03
  7.8507600E+01  7.1807544E-01  7.7470141E-01  2.8301570E-03  3.0465000E-03  3.0465000E-03
  7.8507600E+01  8.6716289E-01  9.5621523E-01  2.8301570E-03  3.7603000E-03  3.7603000E-03
  7.8507600E+01  1.0216912E+00  1.1566993E+00  2.8301570E-03  4.5487000E-03  4.5487000E-03
  7.8507600E+01  1.1776247E+00  1.3761026E+00  2.8301570E-03  5.4115000E-03  5.4115000E-03
  7.8507600E+01  1.3304858E+00  1.6146288E+00  2.8301570E-03  6.3495000E-03  6.3495000E-03
  7.8507600E+01  1.4749595E+00  1.8718454E+00  2.8301570E-03  7.3610000E-03  7.3610000E-03
  7.8507600E+01  1.6060589E+00  2.1481340E+00  2.8301570E-03  8.4475000E-03  8.4475000E-03
  7.8507600E+01  1.7185744E+00  2.4431130E+00  2.8301570E-03  9.6075000E-03  9.6075000E-03
  7.8507600E+01  1.8081045E+00  2.7570368E+00  2.8301570E-03  1.0842000E-02  1.0842000E-02
  7.8507600E+01  1.8708414E+00  3.0893968E+00  2.8301570E-03  1.2149000E-02  1.2149000E-02
  7.8507600E+01  1.9042110E+00  3.4405744E+00  2.8301570E-03  1.3530000E-02  1.3530000E-02
  7.8507600E+01  1.9065922E+00  3.8103154E+00  2.8301570E-03  1.4984000E-02  1.4984000E-02
  7.8507600E+01  1.8774443E+00  4.1988740E+00  2.8301570E-03  1.6512000E-02  1.6512000E-02
  7.8507600E+01  1.8172513E+00  4.6057416E+00  2.8301570E-03  1.8112000E-02  1.8112000E-02
  7.8507600E+01  1.7272573E+00  5.0311726E+00  2.8301570E-03  1.9785000E-02  1.9785000E-02
  7.8507600E+01  1.6094247E+00  5.4749126E+00  2.8301570E-03  2.1530000E-02  2.1530000E-02
  7.8507600E+01  1.4652045E+00  5.9369617E+00  2.8301570E-03  2.3347000E-02  2.3347000E-02
  7.8507600E+01  1.3019286E+00  6.4173198E+00  2.8301570E-03  2.5236000E-02  2.5236000E-02
  7.8507600E+01  1.1113288E+00  6.9157326E+00  2.8301570E-03  2.7196000E-02  2.7196000E-02
  7.8507600E+01  9.0981691E-01  7.4324545E+00  2.8301570E-03  2.9228000E-02  2.9228000E-02
  7.8507600E+01  6.9885394E-01  7.9669769E+00  2.8301570E-03  3.1330000E-02  3.1330000E-02
  7.8507600E+01  4.6006058E-01  8.5195540E+00  2.8301570E-03  3.3503000E-02  3.3503000E-02
  7.8507600E+01  2.1139114E-01  9.0901858E+00  2.8301570E-03  3.5747000E-02  3.5747000E-02
  7.8507600E+01  8.3120266E-02  9.6783639E+00  2.8301570E-03  3.8060000E-02  3.8060000E-02
  7.8507600E+01  2.7742092E-01  1.0284342E+01  2.8301570E-03  4.0443000E-02  4.0443000E-02
  7.8507600E+01  5.3640228E-01  1.0907867E+01  2.8301570E-03  4.2895000E-02  4.2895000E-02
  7.8507600E+01  7.9975213E-01  1.1548938E+01  2.8301570E-03  4.5416000E-02  4.5416000E-02
  7.8507600E+01  1.0668703E+00  1.2207301E+01  2.8301570E-03  4.8005000E-02  4.8005000E-02
  7.8507600E+01  1.3377724E+00  1.2883718E+01  2.8301570E-03  5.0665000E-02  5.0665000E-02
  7.8507600E+01  1.6116673E+00  1.3576664E+01  2.8301570E-03  5.3390000E-02  5.3390000E-02
  7.8507600E+01  1.8884967E+00  1.4286140E+01  2.8301570E-03  5.6180000E-02  5.6180000E-02
  7.8507600E+01  2.1688871E+00  1.5013416E+01  2.8301570E-03  5.9040000E-02  5.9040000E-02
  7.8507600E+01  2.4528013E+00  1.5757221E+01  2.8301570E-03  6.1965000E-02  6.1965000E-02
  7.8507600E+01  2.7409067E+00  1.6517555E+01  2.8301570E-03  6.4955000E-02  6.4955000E-02
  7.8507600E+01  3.0342483E+00  1.7295689E+01  2.8301570E-03  6.8015000E-02  6.8015000E-02
  7.8507600E+01  3.3323201E+00  1.8089081E+01  2.8301570E-03  7.1135000E-02  7.1135000E-02
  7.8507600E+01  3.6359768E+00  1.8899002E+01  2.8301570E-03  7.4320000E-02  7.4320000E-02
  7.8507600E+01  3.9461134E+00  1.9726723E+01  2.8301570E-03  7.7575000E-02  7.7575000E-02
  7.8507600E+01  4.2623863E+00  2.0569702E+01  2.8301570E-03  8.0890000E-02  8.0890000E-02
  7.8507600E+01  4.5856843E+00  2.1427938E+01  2.8301570E-03  8.4265000E-02  8.4265000E-02
  7.8507600E+01  4.9175834E+00  2.2302704E+01  2.8301570E-03  8.7705000E-02  8.7705000E-02
  7.8507600E+01  5.2590467E+00  2.3193998E+01  2.8301570E-03  9.1210000E-02  9.1210000E-02
  7.8507600E+01  5.6097023E+00  2.4099279E+01  2.8301570E-03  9.4770000E-02  9.4770000E-02
  7.8507600E+01  5.9705734E+00  2.5021088E+01  2.8301570E-03  9.8395000E-02  9.8395000E-02
  7.8507600E+01  6.3408386E+00  2.5958155E+01  2.8301570E-03  1.0208000E-01  1.0208000E-01
  7.8507600E+01  6.7205993E+00  2.6911751E+01  2.8301570E-03  1.0583000E-01  1.0583000E-01
  7.8507600E+01  7.1079512E+00  2.7878062E+01  2.8301570E-03  1.0963000E-01  1.0963000E-01
  7.8507600E+01  7.5034993E+00  2.8859630E+01  2.8301570E-03  1.1349000E-01  1.1349000E-01
  7.8507600E+01  7.9077256E+00  2.9858999E+01  2.8301570E-03  1.1742000E-01  1.1742000E-01
  7.8507600E+01  8.3178384E+00  3.0871082E+01  2.8301570E-03  1.2140000E-01  1.2140000E-01
  7.8507600E+01  8.7327743E+00  3.1895880E+01  2.8301570E-03  1.2543000E-01  1.2543000E-01
  7.8507600E+01  9.1537760E+00  3.2938478E+01  2.8301570E-03  1.2953000E-01  1.2953000E-01
  7.8507600E+01  9.5765024E+00  3.3991248E+01  2.8301570E-03  1.3367000E-01  1.3367000E-01
  7.8507600E+01  1.0000434E+01  3.5059276E+01  2.8301570E-03  1.3787000E-01  1.3787000E-01
  7.8507600E+01  1.0422812E+01  3.6145104E+01  2.8301570E-03  1.4214000E-01  1.4214000E-01
  7.8507600E+01  1.0835705E+01  3.7238560E+01  2.8301570E-03  1.4644000E-01  1.4644000E-01
  7.8507600E+01  1.1239605E+01  3.8349818E+01  2.8301570E-03  1.5081000E-01  1.5081000E-01
  7.8507600E+01  1.1629979E+01  3.9473789E+01  2.8301570E-03  1.5523000E-01  1.5523000E-01
  7.8507600E+01  1.2004217E+01  4.0610476E+01  2.8301570E-03  1.5970000E-01  1.5970000E-01
  7.8507600E+01  1.2360432E+01  4.1759877E+01  2.8301570E-03  1.6422000E-01  1.6422000E-01
  7.8507600E+01  1.2698031E+01  4.2921993E+01  2.8301570E-03  1.6879000E-01  1.6879000E-01
  7.8507600E+01  1.3017828E+01  4.4099366E+01  2.8301570E-03  1.7342000E-01  1.7342000E-01
  7.8507600E+01  1.3318164E+01  4.5284368E+01  2.8301570E-03  1.7808000E-01  1.7808000E-01
  7.8507600E+01  1.3601311E+01  4.6484627E+01  2.8301570E-03  1.8280000E-01  1.8280000E-01
  7.8507600E+01  1.3866789E+01  4.7697601E+01  2.8301570E-03  1.8757000E-01  1.8757000E-01
  7.8507600E+01  1.4114921E+01  4.8923290E+01  2.8301570E-03  1.9239000E-01  1.9239000E-01
  7.8507600E+01  1.4346187E+01  5.0159151E+01  2.8301570E-03  1.9725000E-01  1.9725000E-01
  7.8507600E+01  1.4561809E+01  5.1405183E+01  2.8301570E-03  2.0215000E-01  2.0215000E-01
  7.8507600E+01  1.4763304E+01  5.2663929E+01  2.8301570E-03  2.0710000E-01  2.0710000E-01
  7.8507600E+01  1.4952061E+01  5.3935391E+01  2.8301570E-03  2.1210000E-01  2.1210000E-01
  7.8507600E+01  1.5129296E+01  5.5214481E+01  2.8301570E-03  2.1713000E-01  2.1713000E-01
  7.8507600E+01  1.5297906E+01  5.6506286E+01  2.8301570E-03  2.2221000E-01  2.2221000E-01
  7.8507600E+01  1.5459792E+01  5.7810805E+01  2.8301570E-03  2.2734000E-01  2.2734000E-01
  7.8507600E+01  1.5615715E+01  5.9122953E+01  2.8301570E-03  2.3250000E-01  2.3250000E-01
  7.8507600E+01  1.5766980E+01  6.0445273E+01  2.8301570E-03  2.3770000E-01  2.3770000E-01
  7.8507600E+01  1.5914692E+01  6.1780307E+01  2.8301570E-03  2.4295000E-01  2.4295000E-01
  7.8507600E+01  1.6058599E+01  6.3122971E+01  2.8301570E-03  2.4823000E-01  2.4823000E-01
  7.8507600E+01  1.6199968E+01  6.4475806E+01  2.8301570E-03  2.5355000E-01  2.5355000E-01
  7.8507600E+01  1.6340118E+01  6.5838812E+01  2.8301570E-03  2.5891000E-01  2.5891000E-01
  7.8507600E+01  1.6479854E+01  6.7209447E+01  2.8301570E-03  2.6430000E-01  2.6430000E-01
  7.8507600E+01  1.6619758E+01  6.8590254E+01  2.8301570E-03  2.6973000E-01  2.6973000E-01
  7.8507600E+01  1.6759404E+01  6.9981233E+01  2.8301570E-03  2.7520000E-01  2.7520000E-01
  7.8507600E+01  1.6897983E+01  7.1377298E+01  2.8301570E-03  2.8069000E-01  2.8069000E-01
  7.8507600E+01  1.7036419E+01  7.2783534E+01  2.8301570E-03  2.8622000E-01  2.8622000E-01
  7.8507600E+01  1.7175131E+01  7.4199942E+01  2.8301570E-03  2.9179000E-01  2.9179000E-01
  7.8507600E+01  1.7313791E+01  7.5621436E+01  2.8301570E-03  2.9738000E-01  2.9738000E-01
  7.8507600E+01  1.7452946E+01  7.7053101E+01  2.8301570E-03  3.0301000E-01  3.0301000E-01
  7.8507600E+01  1.7592076E+01  7.8489853E+01  2.8301570E-03  3.0866000E-01  3.0866000E-01
  7.8507600E+01  1.7731290E+01  7.9934233E+01  2.8301570E-03  3.1434000E-01  3.1434000E-01
  7.8507600E+01  1.7870293E+01  8.1386242E+01  2.8301570E-03  3.2005000E-01  3.2005000E-01
  7.8507600E+01  1.8008631E+01  8.2845879E+01  2.8301570E-03  3.2579000E-01  3.2579000E-01
  7.8507600E+01  1.8145682E+01  8.4310603E+01  2.8301570E-03  3.3155000E-01  3.3155000E-01
  7.8507600E+01  1.8281794E+01  8.5785498E+01  2.8301570E-03  3.3735000E-01  3.3735000E-01
  7.8507600E+01  1.8416341E+01  8.7262936E+01  2.8301570E-03  3.4316000E-01  3.4316000E-01
  7.8507600E+01  1.8549691E+01  8.8745460E+01  2.8301570E-03  3.4899000E-01  3.4899000E-01
  7.8507600E+01  1.8682372E+01  9.0238156E+01  2.8301570E-03  3.5486000E-01  3.5486000E-01
  7.8507600E+01  1.8813737E+01  9.1733394E+01  2.8301570E-03  3.6074000E-01  3.6074000E-01
  7.8507600E+01  1.8944047E+01  9.3233719E+01  2.8301570E-03  3.6664000E-01  3.6664000E-01
  7.8507600E+01  1.9073392E+01  9.4739129E+01  2.8301570E-03  3.7256000E-01  3.7256000E-01
  7.8507600E+01  1.9201975E+01  9.6252168E+01  2.8301570E-03  3.7851000E-01  3.7851000E-01
  7.8507600E+01  1.9329036E+01  9.7767750E+01  2.8301570E-03  3.8447000E-01  3.8447000E-01
  7.8507600E+01  1.9454396E+01  9.9288418E+01  2.8301570E-03  3.9045000E-01  3.9045000E-01
  7.8507600E+01  1.9577467E+01  1.0081163E+02  2.8301570E-03  3.9644000E-01  3.9644000E-01
  7.8507600E+01  1.9698436E+01  1.0234247E+02  2.8301570E-03  4.0246000E-01  4.0246000E-01
  7.8507600E+01  1.9816772E+01  1.0387331E+02  2.8301570E-03  4.0848000E-01  4.0848000E-01
  7.8507600E+01  1.9933279E+01  1.0540923E+02  2.8301570E-03  4.1452000E-01  4.1452000E-01
  7.8507600E+01  2.0048379E+01  1.0694770E+02  2.8301570E-03  4.2057000E-01  4.2057000E-01
  7.8507600E+01  2.0162527E+01  1.0848871E+02  2.8301570E-03  4.2663000E-01  4.2663000E-01
  7.8507600E+01  2.0275945E+01  1.1003481E+02  2.8301570E-03  4.3271000E-01  4.3271000E-01
  7.8507600E+01  2.0387867E+01  1.1158091E+02  2.8301570E-03  4.3879000E-01  4.3879000E-01
  7.8507600E+01  2.0498285E+01  1.1313209E+02  2.8301570E-03  4.4489000E-01  4.4489000E-01
  7.8507600E+01  2.0606622E+01  1.1468327E+02  2.8301570E-03  4.5099000E-01  4.5099000E-01
  7.8507600E+01  2.0713006E+01  1.1623700E+02  2.8301570E-03  4.5710000E-01  4.5710000E-01
  7.8507600E+01  2.0817485E+01  1.1779327E+02  2.8301570E-03  4.6322000E-01  4.6322000E-01
  7.8507600E+01  2.0919971E+01  1.1934953E+02  2.8301570E-03  4.6934000E-01  4.6934000E-01
  7.8507600E+01  2.1020712E+01  1.2090835E+02  2.8301570E-03  4.7547000E-01  4.7547000E-01
  7.8507600E+01  2.1119577E+01  1.2246462E+02  2.8301570E-03  4.8159000E-01  4.8159000E-01
  7.8507600E+01  2.1217209E+01  1.2402597E+02  2.8301570E-03  4.8773000E-01  4.8773000E-01
  7.8507600E+01  2.1313191E+01  1.2558478E+02  2.8301570E-03  4.9386000E-01  4.9386000E-01
  7.8507600E+01  2.1407839E+01  1.2714614E+02  2.8301570E-03  5.0000000E-01  5.0000000E-01
