          atime         eps_uu         eps_vv         eps_ww         pm1avg           tavg
  2.4000000E+02 -8.0407275E-01 -1.5014153E-01 -2.8183071E-01  9.7310925E-03  0.0000000E+00
  2.4000000E+02 -2.8267067E-01 -3.3455333E-02 -1.1934544E-01  9.3216239E-03  0.0000000E+00
  2.4000000E+02 -1.1133672E-01 -1.4554447E-02 -4.5346888E-02  8.9073861E-03  0.0000000E+00
  2.4000000E+02 -8.1280186E-02 -1.4689842E-02 -3.5369921E-02  7.9548646E-03  0.0000000E+00
  2.4000000E+02 -7.0590258E-02 -1.5355646E-02 -3.4424539E-02  6.5224312E-03  0.0000000E+00
  2.4000000E+02 -6.4718360E-02 -1.6146243E-02 -3.4391531E-02  4.8538713E-03  0.0000000E+00
  2.4000000E+02 -6.0863459E-02 -1.7071753E-02 -3.4379216E-02  3.1280752E-03  0.0000000E+00
  2.4000000E+02 -5.8483191E-02 -1.8046429E-02 -3.4396947E-02  1.4494507E-03  0.0000000E+00
  2.4000000E+02 -5.7783779E-02 -1.8973960E-02 -3.4481635E-02 -1.2526683E-04  0.0000000E+00
  2.4000000E+02 -5.8776950E-02 -1.9801660E-02 -3.4719007E-02 -1.5657737E-03  0.0000000E+00
  2.4000000E+02 -6.0234504E-02 -2.0497838E-02 -3.4910427E-02 -2.8560860E-03  0.0000000E+00
  2.4000000E+02 -6.0946808E-02 -2.1071295E-02 -3.5036812E-02 -3.9902521E-03  0.0000000E+00
  2.4000000E+02 -5.9748460E-02 -2.1548722E-02 -3.5027585E-02 -4.9704063E-03  0.0000000E+00
  2.4000000E+02 -5.6332333E-02 -2.1943090E-02 -3.4825596E-02 -5.8042306E-03  0.0000000E+00
  2.4000000E+02 -5.1598959E-02 -2.2244575E-02 -3.4411692E-02 -6.5031595E-03  0.0000000E+00
  2.4000000E+02 -4.7396024E-02 -2.2440877E-02 -3.3961588E-02 -7.0805810E-03  0.0000000E+00
  2.4000000E+02 -4.4309151E-02 -2.2498423E-02 -3.3364229E-02 -7.5489571E-03  0.0000000E+00
  2.4000000E+02 -4.2374706E-02 -2.2421656E-02 -3.2723681E-02 -7.9183812E-03  0.0000000E+00
  2.4000000E+02 -4.1176729E-02 -2.2241722E-02 -3.2105204E-02 -8.1961631E-03  0.0000000E+00
  2.4000000E+02 -4.0260114E-02 -2.1974441E-02 -3.1454808E-02 -8.3874184E-03  0.0000000E+00
  2.4000000E+02 -3.9445020E-02 -2.1632482E-02 -3.0754482E-02 -8.4966252E-03  0.0000000E+00
  2.4000000E+02 -3.8658378E-02 -2.1225210E-02 -2.9991613E-02 -8.5290863E-03  0.0000000E+00
  2.4000000E+02 -3.7696672E-02 -2.0741005E-02 -2.9061832E-02 -8.4917270E-03  0.0000000E+00
  2.4000000E+02 -3.6624834E-02 -2.0223588E-02 -2.8112886E-02 -8.3936333E-03  0.0000000E+00
  2.4000000E+02 -3.5165437E-02 -1.9636189E-02 -2.6951734E-02 -8.2445001E-03  0.0000000E+00
  2.4000000E+02 -3.3626325E-02 -1.9015544E-02 -2.5780735E-02 -8.0552536E-03  0.0000000E+00
  2.4000000E+02 -3.2143088E-02 -1.8393937E-02 -2.4695137E-02 -7.8369852E-03  0.0000000E+00
  2.4000000E+02 -3.0709983E-02 -1.7778446E-02 -2.3675831E-02 -7.5998094E-03  0.0000000E+00
  2.4000000E+02 -2.9328544E-02 -1.7172853E-02 -2.2710828E-02 -7.3524637E-03  0.0000000E+00
  2.4000000E+02 -2.8021692E-02 -1.6582393E-02 -2.1809139E-02 -7.1021535E-03  0.0000000E+00
  2.4000000E+02 -2.6787136E-02 -1.6008521E-02 -2.0964230E-02 -6.8545742E-03  0.0000000E+00
  2.4000000E+02 -2.5563901E-02 -1.5440890E-02 -2.0124202E-02 -6.6140467E-03  0.0000000E+00
  2.4000000E+02 -2.4315674E-02 -1.4885065E-02 -1.9273078E-02 -6.3838860E-03  0.0000000E+00
  2.4000000E+02 -2.3016326E-02 -1.4351628E-02 -1.8403538E-02 -6.1661954E-03  0.0000000E+00
  2.4000000E+02 -2.1756558E-02 -1.3824767E-02 -1.7543612E-02 -5.9620816E-03  0.0000000E+00
  2.4000000E+02 -2.0623822E-02 -1.3330003E-02 -1.6764799E-02 -5.7723783E-03  0.0000000E+00
  2.4000000E+02 -1.9616693E-02 -1.2869345E-02 -1.6067691E-02 -5.5971807E-03  0.0000000E+00
  2.4000000E+02 -1.8710964E-02 -1.2438408E-02 -1.5435781E-02 -5.4360250E-03  0.0000000E+00
  2.4000000E+02 -1.7889009E-02 -1.2033879E-02 -1.4858080E-02 -5.2880752E-03  0.0000000E+00
  2.4000000E+02 -1.7143712E-02 -1.1654385E-02 -1.4330815E-02 -5.1523009E-03  0.0000000E+00
  2.4000000E+02 -1.6468219E-02 -1.1297837E-02 -1.3848482E-02 -5.0276266E-03  0.0000000E+00
  2.4000000E+02 -1.5842838E-02 -1.0958306E-02 -1.3394525E-02 -4.9130361E-03  0.0000000E+00
  2.4000000E+02 -1.5230333E-02 -1.0625516E-02 -1.2941916E-02 -4.8076122E-03  0.0000000E+00
  2.4000000E+02 -1.4620596E-02 -1.0315799E-02 -1.2496455E-02 -4.7106691E-03  0.0000000E+00
  2.4000000E+02 -1.4015361E-02 -1.0013622E-02 -1.2045486E-02 -4.6211978E-03  0.0000000E+00
  2.4000000E+02 -1.3455384E-02 -9.7236533E-03 -1.1619698E-02 -4.5384177E-03  0.0000000E+00
  2.4000000E+02 -1.2954688E-02 -9.4520514E-03 -1.1234094E-02 -4.4616631E-03  0.0000000E+00
  2.4000000E+02 -1.2507636E-02 -9.1986753E-03 -1.0887440E-02 -4.3902595E-03  0.0000000E+00
  2.4000000E+02 -1.2104325E-02 -8.9613566E-03 -1.0573715E-02 -4.3235046E-03  0.0000000E+00
  2.4000000E+02 -1.1737682E-02 -8.7380319E-03 -1.0287719E-02 -4.2606567E-03  0.0000000E+00
  2.4000000E+02 -1.1404428E-02 -8.5272765E-03 -1.0026291E-02 -4.2009389E-03  0.0000000E+00
  2.4000000E+02 -1.1102078E-02 -8.3277715E-03 -9.7866050E-03 -4.1435619E-03  0.0000000E+00
  2.4000000E+02 -1.0824142E-02 -8.1372431E-03 -9.5629984E-03 -4.0877763E-03  0.0000000E+00
  2.4000000E+02 -1.0555686E-02 -7.9514079E-03 -9.3438083E-03 -4.0329559E-03  0.0000000E+00
  2.4000000E+02 -1.0271432E-02 -7.7634610E-03 -9.1096616E-03 -3.9787231E-03  0.0000000E+00
  2.4000000E+02 -1.0009105E-02 -7.5923544E-03 -8.8881975E-03 -3.9247613E-03  0.0000000E+00
  2.4000000E+02 -9.7282657E-03 -7.4183254E-03 -8.6509316E-03 -3.8706450E-03  0.0000000E+00
  2.4000000E+02 -9.4566255E-03 -7.2479998E-03 -8.4212096E-03 -3.8160268E-03  0.0000000E+00
  2.4000000E+02 -9.2060207E-03 -7.0844888E-03 -8.2084502E-03 -3.7607266E-03  0.0000000E+00
  2.4000000E+02 -8.9771389E-03 -6.9280830E-03 -8.0130948E-03 -3.7046362E-03  0.0000000E+00
  2.4000000E+02 -8.7663997E-03 -6.7780481E-03 -7.8324926E-03 -3.6476549E-03  0.0000000E+00
  2.4000000E+02 -8.5701091E-03 -6.6335986E-03 -7.6641911E-03 -3.5896579E-03  0.0000000E+00
  2.4000000E+02 -8.3862530E-03 -6.4942241E-03 -7.5070946E-03 -3.5304903E-03  0.0000000E+00
  2.4000000E+02 -8.2142963E-03 -6.3595413E-03 -7.3609500E-03 -3.4699823E-03  0.0000000E+00
  2.4000000E+02 -8.0533530E-03 -6.2288458E-03 -7.2246241E-03 -3.4079759E-03  0.0000000E+00
  2.4000000E+02 -7.8990927E-03 -6.1005354E-03 -7.0936312E-03 -3.3443601E-03  0.0000000E+00
  2.4000000E+02 -7.7397491E-03 -5.9715812E-03 -6.9573745E-03 -3.2791063E-03  0.0000000E+00
  2.4000000E+02 -7.5674999E-03 -5.8425770E-03 -6.8078342E-03 -3.2122988E-03  0.0000000E+00
  2.4000000E+02 -7.4013018E-03 -5.7210314E-03 -6.6597303E-03 -3.1440015E-03  0.0000000E+00
  2.4000000E+02 -7.2209235E-03 -5.5965954E-03 -6.5002600E-03 -3.0742327E-03  0.0000000E+00
  2.4000000E+02 -7.0451451E-03 -5.4741085E-03 -6.3438551E-03 -3.0031665E-03  0.0000000E+00
  2.4000000E+02 -6.8804377E-03 -5.3554217E-03 -6.1964372E-03 -2.9310126E-03  0.0000000E+00
  2.4000000E+02 -6.7270414E-03 -5.2408509E-03 -6.0590229E-03 -2.8579471E-03  0.0000000E+00
  2.4000000E+02 -6.5830106E-03 -5.1301231E-03 -5.9304087E-03 -2.7840841E-03  0.0000000E+00
  2.4000000E+02 -6.4465302E-03 -5.0229011E-03 -5.8089733E-03 -2.7094785E-03  0.0000000E+00
  2.4000000E+02 -6.3167999E-03 -4.9189706E-03 -5.6936352E-03 -2.6341489E-03  0.0000000E+00
  2.4000000E+02 -6.1937900E-03 -4.8181754E-03 -5.5840033E-03 -2.5581092E-03  0.0000000E+00
  2.4000000E+02 -6.0771681E-03 -4.7201852E-03 -5.4797590E-03 -2.4813985E-03  0.0000000E+00
  2.4000000E+02 -5.9646972E-03 -4.6241805E-03 -5.3793065E-03 -2.4040989E-03  0.0000000E+00
  2.4000000E+02 -5.8504061E-03 -4.5285399E-03 -5.2777308E-03 -2.3263285E-03  0.0000000E+00
  2.4000000E+02 -5.7228332E-03 -4.4306154E-03 -5.1640994E-03 -2.2482011E-03  0.0000000E+00
  2.4000000E+02 -5.6051289E-03 -4.3400463E-03 -5.0544864E-03 -2.1698665E-03  0.0000000E+00
  2.4000000E+02 -5.4794387E-03 -4.2480405E-03 -4.9381313E-03 -2.0912820E-03  0.0000000E+00
  2.4000000E+02 -5.3523800E-03 -4.1565147E-03 -4.8209309E-03 -2.0124418E-03  0.0000000E+00
  2.4000000E+02 -5.2297946E-03 -4.0673323E-03 -4.7082372E-03 -1.9333922E-03  0.0000000E+00
  2.4000000E+02 -5.1133925E-03 -3.9809961E-03 -4.6019590E-03 -1.8542094E-03  0.0000000E+00
  2.4000000E+02 -5.0029323E-03 -3.8974000E-03 -4.5021139E-03 -1.7749873E-03  0.0000000E+00
  2.4000000E+02 -4.8976636E-03 -3.8162889E-03 -4.4079682E-03 -1.6958221E-03  0.0000000E+00
  2.4000000E+02 -4.7971127E-03 -3.7374788E-03 -4.3187661E-03 -1.6167987E-03  0.0000000E+00
  2.4000000E+02 -4.7012903E-03 -3.6608937E-03 -4.2340462E-03 -1.5379794E-03  0.0000000E+00
  2.4000000E+02 -4.6104038E-03 -3.5864708E-03 -4.1535476E-03 -1.4593988E-03  0.0000000E+00
  2.4000000E+02 -4.5241529E-03 -3.5139897E-03 -4.0767040E-03 -1.3810669E-03  0.0000000E+00
  2.4000000E+02 -4.4406892E-03 -3.4428793E-03 -4.0017271E-03 -1.3029835E-03  0.0000000E+00
  2.4000000E+02 -4.3553205E-03 -3.3720562E-03 -3.9242787E-03 -1.2251664E-03  0.0000000E+00
  2.4000000E+02 -4.2590406E-03 -3.2998490E-03 -3.8357327E-03 -1.1476950E-03  0.0000000E+00
  2.4000000E+02 -4.1746275E-03 -3.2337000E-03 -3.7544126E-03 -1.0705271E-03  0.0000000E+00
  2.4000000E+02 -4.0817481E-03 -3.1663156E-03 -3.6669295E-03 -9.9367474E-04  0.0000000E+00
  2.4000000E+02 -3.9891978E-03 -3.0997185E-03 -3.5797393E-03 -9.1708772E-04  0.0000000E+00
  2.4000000E+02 -3.9010734E-03 -3.0348866E-03 -3.4960532E-03 -8.4075904E-04  0.0000000E+00
  2.4000000E+02 -3.8182853E-03 -2.9720891E-03 -3.4168219E-03 -7.6468589E-04  0.0000000E+00
  2.4000000E+02 -3.7402419E-03 -2.9112745E-03 -3.3418929E-03 -6.8884773E-04  0.0000000E+00
  2.4000000E+02 -8.0407275E-01 -1.5014153E-01 -2.8183071E-01  9.7310925E-03  0.0000000E+00
  2.4000000E+02 -2.1915700E-01 -2.4224817E-02 -9.3390504E-02  9.2628200E-03  0.0000000E+00
  2.4000000E+02 -9.7666346E-02 -1.4367594E-02 -3.9928653E-02  8.6817360E-03  0.0000000E+00
  2.4000000E+02 -7.5445300E-02 -1.4989262E-02 -3.4664164E-02  7.3452626E-03  0.0000000E+00
  2.4000000E+02 -6.6701693E-02 -1.5817977E-02 -3.4394237E-02  5.5217727E-03  0.0000000E+00
  2.4000000E+02 -6.1651956E-02 -1.6841823E-02 -3.4381817E-02  3.5397043E-03  0.0000000E+00
  2.4000000E+02 -5.8626163E-02 -1.7962178E-02 -3.4392596E-02  1.5922045E-03  0.0000000E+00
  2.4000000E+02 -5.7787522E-02 -1.9030836E-02 -3.4485886E-02 -2.2318302E-04  0.0000000E+00
  2.4000000E+02 -5.9093096E-02 -1.9964597E-02 -3.4766075E-02 -1.8590591E-03  0.0000000E+00
  2.4000000E+02 -6.0655250E-02 -2.0722289E-02 -3.4967178E-02 -3.2931104E-03  0.0000000E+00
  2.4000000E+02 -6.0608263E-02 -2.1330999E-02 -3.5054140E-02 -4.5201507E-03  0.0000000E+00
  2.4000000E+02 -5.7658276E-02 -2.1823408E-02 -3.4913423E-02 -5.5474707E-03  0.0000000E+00
  2.4000000E+02 -5.2452617E-02 -2.2200557E-02 -3.4502956E-02 -6.3904676E-03  0.0000000E+00
  2.4000000E+02 -4.7475745E-02 -2.2437666E-02 -3.3971314E-02 -7.0690022E-03  0.0000000E+00
  2.4000000E+02 -4.3996399E-02 -2.2495122E-02 -3.3278963E-02 -7.6023812E-03  0.0000000E+00
  2.4000000E+02 -4.1986501E-02 -2.2380512E-02 -3.2549360E-02 -8.0057771E-03  0.0000000E+00
  2.4000000E+02 -4.0760466E-02 -2.2135637E-02 -3.1828840E-02 -8.2895857E-03  0.0000000E+00
  2.4000000E+02 -3.9773484E-02 -2.1782187E-02 -3.1050014E-02 -8.4610990E-03  0.0000000E+00
  2.4000000E+02 -3.8869377E-02 -2.1337986E-02 -3.0200482E-02 -8.5276512E-03  0.0000000E+00
  2.4000000E+02 -3.7819628E-02 -2.0799121E-02 -2.9178043E-02 -8.4989644E-03  0.0000000E+00
  2.4000000E+02 -3.6569629E-02 -2.0200122E-02 -2.8067734E-02 -8.3882228E-03  0.0000000E+00
  2.4000000E+02 -3.4863294E-02 -1.9516149E-02 -2.6717923E-02 -8.2103971E-03  0.0000000E+00
  2.4000000E+02 -3.3104707E-02 -1.8799312E-02 -2.5394616E-02 -7.9822411E-03  0.0000000E+00
  2.4000000E+02 -3.1422076E-02 -1.8085704E-02 -2.4179437E-02 -7.7203602E-03  0.0000000E+00
  2.4000000E+02 -2.9802869E-02 -1.7382523E-02 -2.3040643E-02 -7.4393650E-03  0.0000000E+00
  2.4000000E+02 -2.8271902E-02 -1.6697022E-02 -2.1981046E-02 -7.1512773E-03  0.0000000E+00
  2.4000000E+02 -2.6840993E-02 -1.6033700E-02 -2.1001045E-02 -6.8654293E-03  0.0000000E+00
  2.4000000E+02 -2.5429109E-02 -1.5379117E-02 -2.0030771E-02 -6.5886796E-03  0.0000000E+00
  2.4000000E+02 -2.3985313E-02 -1.4748856E-02 -1.9055253E-02 -6.3260722E-03  0.0000000E+00
  2.4000000E+02 -2.2484320E-02 -1.4131450E-02 -1.8041434E-02 -6.0803725E-03  0.0000000E+00
  2.4000000E+02 -2.1100852E-02 -1.3541248E-02 -1.7093354E-02 -5.8532536E-03  0.0000000E+00
  2.4000000E+02 -1.9890987E-02 -1.2996781E-02 -1.6258082E-02 -5.6454174E-03  0.0000000E+00
  2.4000000E+02 -1.8825026E-02 -1.2493520E-02 -1.5515637E-02 -5.4564411E-03  0.0000000E+00
  2.4000000E+02 -1.7872860E-02 -1.2025794E-02 -1.4846692E-02 -5.2851524E-03  0.0000000E+00
  2.4000000E+02 -1.7022330E-02 -1.1591241E-02 -1.4244549E-02 -5.1299949E-03  0.0000000E+00
  2.4000000E+02 -1.6261003E-02 -1.1186075E-02 -1.3699053E-02 -4.9893333E-03  0.0000000E+00
  2.4000000E+02 -1.5551762E-02 -1.0799413E-02 -1.3180119E-02 -4.8616512E-03  0.0000000E+00
  2.4000000E+02 -1.4846733E-02 -1.0427664E-02 -1.2661662E-02 -4.7456798E-03  0.0000000E+00
  2.4000000E+02 -1.4144970E-02 -1.0079059E-02 -1.2142974E-02 -4.6401658E-03  0.0000000E+00
  2.4000000E+02 -1.3490791E-02 -9.7423904E-03 -1.1646815E-02 -4.5437288E-03  0.0000000E+00
  2.4000000E+02 -1.2914447E-02 -9.4296660E-03 -1.1202960E-02 -4.4553488E-03  0.0000000E+00
  2.4000000E+02 -1.2408111E-02 -9.1408793E-03 -1.0810089E-02 -4.3739927E-03  0.0000000E+00
  2.4000000E+02 -1.1957251E-02 -8.8727052E-03 -1.0459114E-02 -4.2985767E-03  0.0000000E+00
  2.4000000E+02 -1.1553019E-02 -8.6223059E-03 -1.0143115E-02 -4.2279483E-03  0.0000000E+00
  2.4000000E+02 -1.1191515E-02 -8.3876919E-03 -9.8578415E-03 -4.1609059E-03  0.0000000E+00
  2.4000000E+02 -1.0865742E-02 -8.1660793E-03 -9.5966936E-03 -4.0962721E-03  0.0000000E+00
  2.4000000E+02 -1.0556099E-02 -7.9516902E-03 -9.3441472E-03 -4.0330388E-03  0.0000000E+00
  2.4000000E+02 -1.0231152E-02 -7.7368123E-03 -9.0760153E-03 -3.9705899E-03  0.0000000E+00
  2.4000000E+02 -9.9245380E-03 -7.5396496E-03 -8.8167349E-03 -3.9084136E-03  0.0000000E+00
  2.4000000E+02 -9.6024831E-03 -7.3401046E-03 -8.5446308E-03 -3.8458749E-03  0.0000000E+00
  2.4000000E+02 -9.3017902E-03 -7.1478727E-03 -8.2898859E-03 -3.7825462E-03  0.0000000E+00
  2.4000000E+02 -9.0304395E-03 -6.9651324E-03 -8.0586777E-03 -3.7182211E-03  0.0000000E+00
  2.4000000E+02 -8.7844589E-03 -6.7911172E-03 -7.8479835E-03 -3.6527468E-03  0.0000000E+00
  2.4000000E+02 -8.5580821E-03 -6.6246064E-03 -7.6538925E-03 -3.5859394E-03  0.0000000E+00
  2.4000000E+02 -8.3481795E-03 -6.4648045E-03 -7.4746693E-03 -3.5175637E-03  0.0000000E+00
  2.4000000E+02 -8.1539471E-03 -6.3110745E-03 -7.3098125E-03 -3.4473611E-03  0.0000000E+00
  2.4000000E+02 -7.9728394E-03 -6.1619942E-03 -7.1563516E-03 -3.3751078E-03  0.0000000E+00
  2.4000000E+02 -7.7937317E-03 -6.0142017E-03 -7.0036256E-03 -3.3006857E-03  0.0000000E+00
  2.4000000E+02 -7.5927156E-03 -5.8630118E-03 -6.8308917E-03 -3.2241503E-03  0.0000000E+00
  2.4000000E+02 -7.4055109E-03 -5.7239715E-03 -6.6634495E-03 -3.1456370E-03  0.0000000E+00
  2.4000000E+02 -7.1978596E-03 -5.5806916E-03 -6.4798066E-03 -3.0651724E-03  0.0000000E+00
  2.4000000E+02 -6.9977279E-03 -5.4403902E-03 -6.3014754E-03 -2.9830219E-03  0.0000000E+00
  2.4000000E+02 -6.8127672E-03 -5.3053482E-03 -6.1357896E-03 -2.8994985E-03  0.0000000E+00
  2.4000000E+02 -6.6418005E-03 -5.1756464E-03 -5.9828413E-03 -2.8148388E-03  0.0000000E+00
  2.4000000E+02 -6.4817550E-03 -5.0507736E-03 -5.8402881E-03 -2.7291694E-03  0.0000000E+00
  2.4000000E+02 -6.3308506E-03 -4.9303330E-03 -5.7061358E-03 -2.6425343E-03  0.0000000E+00
  2.4000000E+02 -6.1888541E-03 -4.8140769E-03 -5.5795962E-03 -2.5549543E-03  0.0000000E+00
  2.4000000E+02 -6.0552099E-03 -4.7014969E-03 -5.4601233E-03 -2.4664886E-03  0.0000000E+00
  2.4000000E+02 -5.9258569E-03 -4.5911994E-03 -5.3447295E-03 -2.3772700E-03  0.0000000E+00
  2.4000000E+02 -5.7895418E-03 -4.4802949E-03 -5.2236844E-03 -2.2874827E-03  0.0000000E+00
  2.4000000E+02 -5.6467007E-03 -4.3716762E-03 -5.0932431E-03 -2.1973189E-03  0.0000000E+00
  2.4000000E+02 -5.5047218E-03 -4.2663133E-03 -4.9614870E-03 -2.1068629E-03  0.0000000E+00
  2.4000000E+02 -5.3581342E-03 -4.1606685E-03 -4.8262324E-03 -2.0160625E-03  0.0000000E+00
  2.4000000E+02 -5.2171238E-03 -4.0580201E-03 -4.6966258E-03 -1.9249813E-03  0.0000000E+00
  2.4000000E+02 -5.0843075E-03 -3.9591406E-03 -4.5755640E-03 -1.8337365E-03  0.0000000E+00
  2.4000000E+02 -4.9591227E-03 -3.8638113E-03 -4.4628194E-03 -1.7424728E-03  0.0000000E+00
  2.4000000E+02 -4.8405120E-03 -3.7716658E-03 -4.3572028E-03 -1.6513333E-03  0.0000000E+00
  2.4000000E+02 -4.7281185E-03 -3.6825080E-03 -4.2577631E-03 -1.5604318E-03  0.0000000E+00
  2.4000000E+02 -4.6222086E-03 -3.5962506E-03 -4.1640244E-03 -1.4698368E-03  0.0000000E+00
  2.4000000E+02 -4.5225400E-03 -3.5126193E-03 -4.0752613E-03 -1.3795711E-03  0.0000000E+00
  2.4000000E+02 -4.4263899E-03 -3.4307680E-03 -3.9888120E-03 -1.2896360E-03  0.0000000E+00
  2.4000000E+02 -4.3259611E-03 -3.3489521E-03 -3.8974309E-03 -1.2000671E-03  0.0000000E+00
  2.4000000E+02 -4.2205437E-03 -3.2686665E-03 -3.7982422E-03 -1.1109529E-03  0.0000000E+00
  2.4000000E+02 -4.1166550E-03 -3.1913973E-03 -3.6997409E-03 -1.0222554E-03  0.0000000E+00
  2.4000000E+02 -4.0092744E-03 -3.1142494E-03 -3.5987026E-03 -9.3392771E-04  0.0000000E+00
  2.4000000E+02 -3.9068981E-03 -3.0392332E-03 -3.5016076E-03 -8.4594338E-04  0.0000000E+00
  2.4000000E+02 -3.8115515E-03 -2.9668993E-03 -3.4103600E-03 -7.5829839E-04  0.0000000E+00
  2.4000000E+02 -3.7223889E-03 -2.8971814E-03 -3.3247657E-03 -6.7096070E-04  0.0000000E+00
  2.4000000E+02 -3.6379806E-03 -2.8298745E-03 -3.2440861E-03 -5.8385772E-04  0.0000000E+00
  2.4000000E+02 -3.5574544E-03 -2.7648283E-03 -3.1677881E-03 -4.9688975E-04  0.0000000E+00
  2.4000000E+02 -3.4806582E-03 -2.7019358E-03 -3.0956137E-03 -4.0995724E-04  0.0000000E+00
  2.4000000E+02 -3.4075116E-03 -2.6409957E-03 -3.0270911E-03 -3.2298985E-04  0.0000000E+00
  2.4000000E+02 -3.3367141E-03 -2.5815291E-03 -2.9606099E-03 -2.3596522E-04  0.0000000E+00
  2.4000000E+02 -3.2639764E-03 -2.5226297E-03 -2.8921821E-03 -1.4890546E-04  0.0000000E+00
  2.4000000E+02 -3.1838856E-03 -2.4638523E-03 -2.8171105E-03 -6.1851068E-05  0.0000000E+00
  2.4000000E+02 -3.1117242E-03 -2.4086807E-03 -2.7480609E-03  2.5149078E-05  0.0000000E+00
  2.4000000E+02 -3.0345392E-03 -2.3533188E-03 -2.6759491E-03  1.1214274E-04  0.0000000E+00
  2.4000000E+02 -2.9590018E-03 -2.2992556E-03 -2.6060128E-03  1.9912467E-04  0.0000000E+00
  2.4000000E+02 -2.8875874E-03 -2.2469155E-03 -2.5398275E-03  2.8609747E-04  0.0000000E+00
  2.4000000E+02 -2.8205706E-03 -2.1962657E-03 -2.4772816E-03  3.7304198E-04  0.0000000E+00
  2.4000000E+02 -2.7574390E-03 -2.1471692E-03 -2.4178335E-03  4.5990590E-04  0.0000000E+00
  2.4000000E+02 -8.0407275E-01 -1.5014153E-01 -2.8183071E-01  9.7310925E-03  0.0000000E+00
  2.4000000E+02 -2.8267067E-01 -3.3455333E-02 -1.1934544E-01  9.3216239E-03  0.0000000E+00
  2.4000000E+02 -1.1133672E-01 -1.4554447E-02 -4.5346888E-02  8.9073861E-03  0.0000000E+00
  2.4000000E+02 -8.1280186E-02 -1.4689842E-02 -3.5369921E-02  7.9548646E-03  0.0000000E+00
  2.4000000E+02 -7.0590258E-02 -1.5355646E-02 -3.4424539E-02  6.5224312E-03  0.0000000E+00
  2.4000000E+02 -6.4718360E-02 -1.6146243E-02 -3.4391531E-02  4.8538713E-03  0.0000000E+00
  2.4000000E+02 -6.0863459E-02 -1.7071753E-02 -3.4379216E-02  3.1280752E-03  0.0000000E+00
  2.4000000E+02 -5.8483191E-02 -1.8046429E-02 -3.4396947E-02  1.4494507E-03  0.0000000E+00
  2.4000000E+02 -5.7783779E-02 -1.8973960E-02 -3.4481635E-02 -1.2526683E-04  0.0000000E+00
  2.4000000E+02 -5.8776950E-02 -1.9801660E-02 -3.4719007E-02 -1.5657737E-03  0.0000000E+00
  2.4000000E+02 -6.0234504E-02 -2.0497838E-02 -3.4910427E-02 -2.8560860E-03  0.0000000E+00
  2.4000000E+02 -6.0946808E-02 -2.1071295E-02 -3.5036812E-02 -3.9902521E-03  0.0000000E+00
  2.4000000E+02 -5.9748460E-02 -2.1548722E-02 -3.5027585E-02 -4.9704063E-03  0.0000000E+00
  2.4000000E+02 -5.6332333E-02 -2.1943090E-02 -3.4825596E-02 -5.8042306E-03  0.0000000E+00
  2.4000000E+02 -5.1598959E-02 -2.2244575E-02 -3.4411692E-02 -6.5031595E-03  0.0000000E+00
  2.4000000E+02 -4.7396024E-02 -2.2440877E-02 -3.3961588E-02 -7.0805810E-03  0.0000000E+00
  2.4000000E+02 -4.4309151E-02 -2.2498423E-02 -3.3364229E-02 -7.5489571E-03  0.0000000E+00
  2.4000000E+02 -4.2374706E-02 -2.2421656E-02 -3.2723681E-02 -7.9183812E-03  0.0000000E+00
  2.4000000E+02 -4.1176729E-02 -2.2241722E-02 -3.2105204E-02 -8.1961631E-03  0.0000000E+00
  2.4000000E+02 -4.0260114E-02 -2.1974441E-02 -3.1454808E-02 -8.3874184E-03  0.0000000E+00
  2.4000000E+02 -3.9445020E-02 -2.1632482E-02 -3.0754482E-02 -8.4966252E-03  0.0000000E+00
  2.4000000E+02 -3.8658378E-02 -2.1225210E-02 -2.9991613E-02 -8.5290863E-03  0.0000000E+00
  2.4000000E+02 -3.7696672E-02 -2.0741005E-02 -2.9061832E-02 -8.4917270E-03  0.0000000E+00
  2.4000000E+02 -3.6624834E-02 -2.0223588E-02 -2.8112886E-02 -8.3936333E-03  0.0000000E+00
  2.4000000E+02 -3.5165437E-02 -1.9636189E-02 -2.6951734E-02 -8.2445001E-03  0.0000000E+00
  2.4000000E+02 -3.3626325E-02 -1.9015544E-02 -2.5780735E-02 -8.0552536E-03  0.0000000E+00
  2.4000000E+02 -3.2143088E-02 -1.8393937E-02 -2.4695137E-02 -7.8369852E-03  0.0000000E+00
  2.4000000E+02 -3.0709983E-02 -1.7778446E-02 -2.3675831E-02 -7.5998094E-03  0.0000000E+00
  2.4000000E+02 -2.9328544E-02 -1.7172853E-02 -2.2710828E-02 -7.3524637E-03  0.0000000E+00
  2.4000000E+02 -2.8021692E-02 -1.6582393E-02 -2.1809139E-02 -7.1021535E-03  0.0000000E+00
  2.4000000E+02 -2.6787136E-02 -1.6008521E-02 -2.0964230E-02 -6.8545742E-03  0.0000000E+00
  2.4000000E+02 -2.5563901E-02 -1.5440890E-02 -2.0124202E-02 -6.6140467E-03  0.0000000E+00
  2.4000000E+02 -2.4315674E-02 -1.4885065E-02 -1.9273078E-02 -6.3838860E-03  0.0000000E+00
  2.4000000E+02 -2.3016326E-02 -1.4351628E-02 -1.8403538E-02 -6.1661954E-03  0.0000000E+00
  2.4000000E+02 -2.1756558E-02 -1.3824767E-02 -1.7543612E-02 -5.9620816E-03  0.0000000E+00
  2.4000000E+02 -2.0623822E-02 -1.3330003E-02 -1.6764799E-02 -5.7723783E-03  0.0000000E+00
  2.4000000E+02 -1.9616693E-02 -1.2869345E-02 -1.6067691E-02 -5.5971807E-03  0.0000000E+00
  2.4000000E+02 -1.8710964E-02 -1.2438408E-02 -1.5435781E-02 -5.4360250E-03  0.0000000E+00
  2.4000000E+02 -1.7889009E-02 -1.2033879E-02 -1.4858080E-02 -5.2880752E-03  0.0000000E+00
  2.4000000E+02 -1.7143712E-02 -1.1654385E-02 -1.4330815E-02 -5.1523009E-03  0.0000000E+00
  2.4000000E+02 -1.6468219E-02 -1.1297837E-02 -1.3848482E-02 -5.0276266E-03  0.0000000E+00
  2.4000000E+02 -1.5842838E-02 -1.0958306E-02 -1.3394525E-02 -4.9130361E-03  0.0000000E+00
  2.4000000E+02 -1.5230333E-02 -1.0625516E-02 -1.2941916E-02 -4.8076122E-03  0.0000000E+00
  2.4000000E+02 -1.4620596E-02 -1.0315799E-02 -1.2496455E-02 -4.7106691E-03  0.0000000E+00
  2.4000000E+02 -1.4015361E-02 -1.0013622E-02 -1.2045486E-02 -4.6211978E-03  0.0000000E+00
  2.4000000E+02 -1.3455384E-02 -9.7236533E-03 -1.1619698E-02 -4.5384177E-03  0.0000000E+00
  2.4000000E+02 -1.2954688E-02 -9.4520514E-03 -1.1234094E-02 -4.4616631E-03  0.0000000E+00
  2.4000000E+02 -1.2507636E-02 -9.1986753E-03 -1.0887440E-02 -4.3902595E-03  0.0000000E+00
  2.4000000E+02 -1.2104325E-02 -8.9613566E-03 -1.0573715E-02 -4.3235046E-03  0.0000000E+00
  2.4000000E+02 -1.1737682E-02 -8.7380319E-03 -1.0287719E-02 -4.2606567E-03  0.0000000E+00
  2.4000000E+02 -1.1404428E-02 -8.5272765E-03 -1.0026291E-02 -4.2009389E-03  0.0000000E+00
  2.4000000E+02 -1.1102078E-02 -8.3277715E-03 -9.7866050E-03 -4.1435619E-03  0.0000000E+00
  2.4000000E+02 -1.0824142E-02 -8.1372431E-03 -9.5629984E-03 -4.0877763E-03  0.0000000E+00
  2.4000000E+02 -1.0555686E-02 -7.9514079E-03 -9.3438083E-03 -4.0329559E-03  0.0000000E+00
  2.4000000E+02 -1.0271432E-02 -7.7634610E-03 -9.1096616E-03 -3.9787231E-03  0.0000000E+00
  2.4000000E+02 -1.0009105E-02 -7.5923544E-03 -8.8881975E-03 -3.9247613E-03  0.0000000E+00
  2.4000000E+02 -9.7282657E-03 -7.4183254E-03 -8.6509316E-03 -3.8706450E-03  0.0000000E+00
  2.4000000E+02 -9.4566255E-03 -7.2479998E-03 -8.4212096E-03 -3.8160268E-03  0.0000000E+00
  2.4000000E+02 -9.2060207E-03 -7.0844888E-03 -8.2084502E-03 -3.7607266E-03  0.0000000E+00
  2.4000000E+02 -8.9771389E-03 -6.9280830E-03 -8.0130948E-03 -3.7046362E-03  0.0000000E+00
  2.4000000E+02 -8.7663997E-03 -6.7780481E-03 -7.8324926E-03 -3.6476549E-03  0.0000000E+00
  2.4000000E+02 -8.5701091E-03 -6.6335986E-03 -7.6641911E-03 -3.5896579E-03  0.0000000E+00
  2.4000000E+02 -8.3862530E-03 -6.4942241E-03 -7.5070946E-03 -3.5304903E-03  0.0000000E+00
  2.4000000E+02 -8.2142963E-03 -6.3595413E-03 -7.3609500E-03 -3.4699823E-03  0.0000000E+00
  2.4000000E+02 -8.0533530E-03 -6.2288458E-03 -7.2246241E-03 -3.4079759E-03  0.0000000E+00
  2.4000000E+02 -7.8990927E-03 -6.1005354E-03 -7.0936312E-03 -3.3443601E-03  0.0000000E+00
  2.4000000E+02 -7.7397491E-03 -5.9715812E-03 -6.9573745E-03 -3.2791063E-03  0.0000000E+00
  2.4000000E+02 -7.5674999E-03 -5.8425770E-03 -6.8078342E-03 -3.2122988E-03  0.0000000E+00
  2.4000000E+02 -7.4013018E-03 -5.7210314E-03 -6.6597303E-03 -3.1440015E-03  0.0000000E+00
  2.4000000E+02 -7.2209235E-03 -5.5965954E-03 -6.5002600E-03 -3.0742327E-03  0.0000000E+00
  2.4000000E+02 -7.0451451E-03 -5.4741085E-03 -6.3438551E-03 -3.0031665E-03  0.0000000E+00
  2.4000000E+02 -6.8804377E-03 -5.3554217E-03 -6.1964372E-03 -2.9310126E-03  0.0000000E+00
  2.4000000E+02 -6.7270414E-03 -5.2408509E-03 -6.0590229E-03 -2.8579471E-03  0.0000000E+00
  2.4000000E+02 -6.5830106E-03 -5.1301231E-03 -5.9304087E-03 -2.7840841E-03  0.0000000E+00
  2.4000000E+02 -6.4465302E-03 -5.0229011E-03 -5.8089733E-03 -2.7094785E-03  0.0000000E+00
  2.4000000E+02 -6.3167999E-03 -4.9189706E-03 -5.6936352E-03 -2.6341489E-03  0.0000000E+00
  2.4000000E+02 -6.1937900E-03 -4.8181754E-03 -5.5840033E-03 -2.5581092E-03  0.0000000E+00
  2.4000000E+02 -6.0771681E-03 -4.7201852E-03 -5.4797590E-03 -2.4813985E-03  0.0000000E+00
  2.4000000E+02 -5.9646972E-03 -4.6241805E-03 -5.3793065E-03 -2.4040989E-03  0.0000000E+00
  2.4000000E+02 -5.8504061E-03 -4.5285399E-03 -5.2777308E-03 -2.3263285E-03  0.0000000E+00
  2.4000000E+02 -5.7228332E-03 -4.4306154E-03 -5.1640994E-03 -2.2482011E-03  0.0000000E+00
  2.4000000E+02 -5.6051289E-03 -4.3400463E-03 -5.0544864E-03 -2.1698665E-03  0.0000000E+00
  2.4000000E+02 -5.4794387E-03 -4.2480405E-03 -4.9381313E-03 -2.0912820E-03  0.0000000E+00
  2.4000000E+02 -5.3523800E-03 -4.1565147E-03 -4.8209309E-03 -2.0124418E-03  0.0000000E+00
  2.4000000E+02 -5.2297946E-03 -4.0673323E-03 -4.7082372E-03 -1.9333922E-03  0.0000000E+00
  2.4000000E+02 -5.1133925E-03 -3.9809961E-03 -4.6019590E-03 -1.8542094E-03  0.0000000E+00
  2.4000000E+02 -5.0029323E-03 -3.8974000E-03 -4.5021139E-03 -1.7749873E-03  0.0000000E+00
  2.4000000E+02 -4.8976636E-03 -3.8162889E-03 -4.4079682E-03 -1.6958221E-03  0.0000000E+00
  2.4000000E+02 -4.7971127E-03 -3.7374788E-03 -4.3187661E-03 -1.6167987E-03  0.0000000E+00
  2.4000000E+02 -4.7012903E-03 -3.6608937E-03 -4.2340462E-03 -1.5379794E-03  0.0000000E+00
  2.4000000E+02 -4.6104038E-03 -3.5864708E-03 -4.1535476E-03 -1.4593988E-03  0.0000000E+00
  2.4000000E+02 -4.5241529E-03 -3.5139897E-03 -4.0767040E-03 -1.3810669E-03  0.0000000E+00
  2.4000000E+02 -4.4406892E-03 -3.4428793E-03 -4.0017271E-03 -1.3029835E-03  0.0000000E+00
  2.4000000E+02 -4.3553205E-03 -3.3720562E-03 -3.9242787E-03 -1.2251664E-03  0.0000000E+00
  2.4000000E+02 -4.2590406E-03 -3.2998490E-03 -3.8357327E-03 -1.1476950E-03  0.0000000E+00
  2.4000000E+02 -4.1746275E-03 -3.2337000E-03 -3.7544126E-03 -1.0705271E-03  0.0000000E+00
  2.4000000E+02 -4.0817481E-03 -3.1663156E-03 -3.6669295E-03 -9.9367474E-04  0.0000000E+00
  2.4000000E+02 -3.9891978E-03 -3.0997185E-03 -3.5797393E-03 -9.1708772E-04  0.0000000E+00
  2.4000000E+02 -3.9010734E-03 -3.0348866E-03 -3.4960532E-03 -8.4075904E-04  0.0000000E+00
  2.4000000E+02 -3.8182853E-03 -2.9720891E-03 -3.4168219E-03 -7.6468589E-04  0.0000000E+00
  2.4000000E+02 -3.7402419E-03 -2.9112745E-03 -3.3418929E-03 -6.8884773E-04  0.0000000E+00
