          atime         pdf_uu         pdf_vv         pdf_ww         pm1avg           tavg
  2.4000000E+02 -4.8670097E-12  2.1613562E-02 -4.8915938E-18  9.7310925E-03  0.0000000E+00
  2.4000000E+02 -2.0542680E-12  1.3803901E-01  3.9812106E-19  9.3216239E-03  0.0000000E+00
  2.4000000E+02  1.4416924E-12  5.2869301E-02  8.5029918E-19  8.9073861E-03  0.0000000E+00
  2.4000000E+02  1.7104964E-12  2.1317961E-02 -1.0491975E-19  7.9548646E-03  0.0000000E+00
  2.4000000E+02  9.2530559E-13  2.0845892E-03 -1.0909414E-19  6.5224312E-03  0.0000000E+00
  2.4000000E+02  1.3477383E-14 -1.6197097E-02 -4.4335038E-19  4.8538713E-03  0.0000000E+00
  2.4000000E+02 -8.2486928E-13 -3.0686706E-02  7.2835946E-19  3.1280752E-03  0.0000000E+00
  2.4000000E+02 -1.5438956E-12 -3.8815109E-02  6.0389989E-19  1.4494507E-03  0.0000000E+00
  2.4000000E+02 -2.1014516E-12 -3.9979859E-02  2.1796607E-20 -1.2526683E-04  0.0000000E+00
  2.4000000E+02 -2.4654761E-12 -3.4843575E-02 -9.1382661E-20 -1.5657737E-03  0.0000000E+00
  2.4000000E+02 -2.5957605E-12 -2.4835981E-02  2.1158274E-19 -2.8560860E-03  0.0000000E+00
  2.4000000E+02 -2.4613672E-12 -1.1818660E-02 -2.7748859E-19 -3.9902521E-03  0.0000000E+00
  2.4000000E+02 -2.0810943E-12  1.4366711E-03 -1.0771274E-18 -4.9704063E-03  0.0000000E+00
  2.4000000E+02 -1.5405920E-12  1.2189015E-02 -3.9683195E-19 -5.8042306E-03  0.0000000E+00
  2.4000000E+02 -9.2008760E-13  1.8575244E-02 -6.7274556E-20 -6.5031595E-03  0.0000000E+00
  2.4000000E+02 -3.5064209E-13  2.0458935E-02  8.1704986E-19 -7.0805810E-03  0.0000000E+00
  2.4000000E+02  8.4344562E-14  1.9020389E-02 -4.0407102E-19 -7.5489571E-03  0.0000000E+00
  2.4000000E+02  3.8243568E-13  1.6104650E-02 -3.0163427E-18 -7.9183812E-03  0.0000000E+00
  2.4000000E+02  5.7027617E-13  1.2746886E-02 -3.9165220E-18 -8.1961631E-03  0.0000000E+00
  2.4000000E+02  6.8334857E-13  9.5328708E-03 -1.6187568E-18 -8.3874184E-03  0.0000000E+00
  2.4000000E+02  7.5236277E-13  6.6667702E-03  2.2010008E-18 -8.4966252E-03  0.0000000E+00
  2.4000000E+02  7.8837857E-13  4.1400624E-03  3.4786850E-18 -8.5290863E-03  0.0000000E+00
  2.4000000E+02  7.8604465E-13  2.0683531E-03  5.9025586E-19 -8.4917270E-03  0.0000000E+00
  2.4000000E+02  7.7569975E-13  9.7101302E-05 -6.8192399E-21 -8.3936333E-03  0.0000000E+00
  2.4000000E+02  7.5153063E-13 -1.5898983E-03 -3.4920025E-19 -8.2445001E-03  0.0000000E+00
  2.4000000E+02  7.2192143E-13 -3.0051494E-03 -1.6010953E-18 -8.0552536E-03  0.0000000E+00
  2.4000000E+02  6.8923833E-13 -4.2417827E-03 -5.4183517E-18 -7.8369852E-03  0.0000000E+00
  2.4000000E+02  6.5300227E-13 -5.2740709E-03 -9.3079934E-18 -7.5998094E-03  0.0000000E+00
  2.4000000E+02  6.1549718E-13 -6.0905307E-03 -9.0595542E-18 -7.3524637E-03  0.0000000E+00
  2.4000000E+02  5.7843380E-13 -6.7022243E-03 -4.1156573E-18 -7.1021535E-03  0.0000000E+00
  2.4000000E+02  5.3898778E-13 -7.0920900E-03  1.3887986E-19 -6.8545742E-03  0.0000000E+00
  2.4000000E+02  4.9353120E-13 -7.1711274E-03 -8.0986477E-19 -6.6140467E-03  0.0000000E+00
  2.4000000E+02  4.5130138E-13 -7.0872567E-03  9.9875323E-19 -6.3838860E-03  0.0000000E+00
  2.4000000E+02  4.1281543E-13 -6.9308052E-03  6.5078480E-19 -6.1661954E-03  0.0000000E+00
  2.4000000E+02  3.7651929E-13 -6.5008605E-03  1.3973269E-18 -5.9620816E-03  0.0000000E+00
  2.4000000E+02  3.4112744E-13 -6.0080484E-03  9.2081754E-19 -5.7723783E-03  0.0000000E+00
  2.4000000E+02  3.0776608E-13 -5.4734180E-03 -1.2135917E-19 -5.5971807E-03  0.0000000E+00
  2.4000000E+02  2.7776141E-13 -4.8950893E-03 -8.0690013E-19 -5.4360250E-03  0.0000000E+00
  2.4000000E+02  2.5159990E-13 -4.3021869E-03 -8.8473854E-19 -5.2880752E-03  0.0000000E+00
  2.4000000E+02  2.2879025E-13 -3.7389188E-03 -6.3143464E-19 -5.1523009E-03  0.0000000E+00
  2.4000000E+02  2.0835680E-13 -3.2216601E-03 -3.2191009E-19 -5.0276266E-03  0.0000000E+00
  2.4000000E+02  1.8969401E-13 -2.7119007E-03 -8.6339749E-21 -4.9130361E-03  0.0000000E+00
  2.4000000E+02  1.7351187E-13 -2.1479151E-03 -3.0336866E-19 -4.8076122E-03  0.0000000E+00
  2.4000000E+02  1.6086742E-13 -1.7934403E-03  5.7993545E-18 -4.7106691E-03  0.0000000E+00
  2.4000000E+02  1.4861254E-13 -1.3925415E-03  9.6876592E-18 -4.6211978E-03  0.0000000E+00
  2.4000000E+02  1.3805629E-13 -9.9822486E-04  1.0334380E-17 -4.5384177E-03  0.0000000E+00
  2.4000000E+02  1.2921469E-13 -6.7400356E-04  1.0017722E-17 -4.4616631E-03  0.0000000E+00
  2.4000000E+02  1.2156147E-13 -4.1842508E-04  9.5472527E-18 -4.3902595E-03  0.0000000E+00
  2.4000000E+02  1.1473836E-13 -2.2107750E-04  8.7376315E-18 -4.3235046E-03  0.0000000E+00
  2.4000000E+02  1.0868803E-13 -8.2396518E-05  6.8922277E-18 -4.2606567E-03  0.0000000E+00
  2.4000000E+02  1.0345922E-13 -9.7208467E-06  3.3546528E-18 -4.2009389E-03  0.0000000E+00
  2.4000000E+02  9.8934132E-14 -2.0430327E-06 -1.8137885E-18 -4.1435619E-03  0.0000000E+00
  2.4000000E+02  9.4727864E-14 -3.5903264E-05 -6.9727162E-18 -4.0877763E-03  0.0000000E+00
  2.4000000E+02  9.0509677E-14 -6.4873388E-05 -7.7993510E-18 -4.0329559E-03  0.0000000E+00
  2.4000000E+02  8.6996025E-14 -4.5078511E-05  4.1147626E-18 -3.9787231E-03  0.0000000E+00
  2.4000000E+02  8.3756804E-14 -2.1504402E-04 -2.6362425E-18 -3.9247613E-03  0.0000000E+00
  2.4000000E+02  7.9503081E-14 -2.8865693E-04 -5.4923563E-19 -3.8706450E-03  0.0000000E+00
  2.4000000E+02  7.5697320E-14 -3.4084465E-04  1.2917988E-18 -3.8160268E-03  0.0000000E+00
  2.4000000E+02  7.2394084E-14 -3.9681476E-04  9.7234024E-19 -3.7607266E-03  0.0000000E+00
  2.4000000E+02  6.9256564E-14 -4.5347470E-04  5.2069102E-20 -3.7046362E-03  0.0000000E+00
  2.4000000E+02  6.6070767E-14 -5.0526896E-04 -7.5100144E-20 -3.6476549E-03  0.0000000E+00
  2.4000000E+02  6.2870680E-14 -5.5424876E-04  6.2909365E-19 -3.5896579E-03  0.0000000E+00
  2.4000000E+02  5.9822416E-14 -6.0911701E-04  1.2385167E-18 -3.5304903E-03  0.0000000E+00
  2.4000000E+02  5.7015294E-14 -6.7799117E-04  9.6611197E-19 -3.4699823E-03  0.0000000E+00
  2.4000000E+02  5.4307831E-14 -7.5962691E-04  1.1065111E-19 -3.4079759E-03  0.0000000E+00
  2.4000000E+02  5.1376638E-14 -8.3784536E-04 -2.2166054E-20 -3.3443601E-03  0.0000000E+00
  2.4000000E+02  4.8116178E-14 -8.8390658E-04  9.0680265E-19 -3.2791063E-03  0.0000000E+00
  2.4000000E+02  4.5351934E-14 -9.3044633E-04  2.0479717E-18 -3.2122988E-03  0.0000000E+00
  2.4000000E+02  4.2492426E-14 -1.0353877E-03  2.5844788E-18 -3.1440015E-03  0.0000000E+00
  2.4000000E+02  3.9439211E-14 -1.0648046E-03  3.8669919E-20 -3.0742327E-03  0.0000000E+00
  2.4000000E+02  3.6554575E-14 -1.0780099E-03  2.3506210E-19 -3.0031665E-03  0.0000000E+00
  2.4000000E+02  3.4018603E-14 -1.0950975E-03  1.9993108E-18 -2.9310126E-03  0.0000000E+00
  2.4000000E+02  3.1823670E-14 -1.1195241E-03  2.7973223E-18 -2.8579471E-03  0.0000000E+00
  2.4000000E+02  2.9831555E-14 -1.1506444E-03  1.4724692E-18 -2.7840841E-03  0.0000000E+00
  2.4000000E+02  2.7863833E-14 -1.1886592E-03 -1.1672568E-18 -2.7094785E-03  0.0000000E+00
  2.4000000E+02  2.5796176E-14 -1.2344414E-03 -3.1603232E-18 -2.6341489E-03  0.0000000E+00
  2.4000000E+02  2.3627218E-14 -1.2867007E-03 -2.8491325E-18 -2.5581092E-03  0.0000000E+00
  2.4000000E+02  2.1492627E-14 -1.3389502E-03 -2.3206328E-19 -2.4813985E-03  0.0000000E+00
  2.4000000E+02  1.9595027E-14 -1.3787371E-03  2.5417572E-18 -2.4040989E-03  0.0000000E+00
  2.4000000E+02  1.8020426E-14 -1.3915997E-03  2.2867809E-18 -2.3263285E-03  0.0000000E+00
  2.4000000E+02  1.6411774E-14 -1.3722136E-03 -1.7436993E-18 -2.2482011E-03  0.0000000E+00
  2.4000000E+02  1.4846213E-14 -1.4242056E-03  1.0135504E-17 -2.1698665E-03  0.0000000E+00
  2.4000000E+02  1.3548618E-14 -1.4355997E-03 -6.2573942E-18 -2.0912820E-03  0.0000000E+00
  2.4000000E+02  1.2342985E-14 -1.4294614E-03 -1.6205829E-17 -2.0124418E-03  0.0000000E+00
  2.4000000E+02  1.1215556E-14 -1.4207414E-03 -1.3381996E-17 -1.9333922E-03  0.0000000E+00
  2.4000000E+02  1.0185225E-14 -1.4100130E-03 -5.5758440E-18 -1.8542094E-03  0.0000000E+00
  2.4000000E+02  9.2613762E-15 -1.3941395E-03 -8.7305196E-19 -1.7749873E-03  0.0000000E+00
  2.4000000E+02  8.4254528E-15 -1.3716342E-03 -1.8812801E-18 -1.6958221E-03  0.0000000E+00
  2.4000000E+02  7.6307620E-15 -1.3440567E-03 -5.6702432E-18 -1.6167987E-03  0.0000000E+00
  2.4000000E+02  6.8150324E-15 -1.3147948E-03 -7.0911670E-18 -1.5379794E-03  0.0000000E+00
  2.4000000E+02  5.9202253E-15 -1.2865732E-03 -3.1411858E-18 -1.4593988E-03  0.0000000E+00
  2.4000000E+02  4.9141126E-15 -1.2590394E-03  3.9617639E-18 -1.3810669E-03  0.0000000E+00
  2.4000000E+02  3.8081279E-15 -1.2277679E-03  7.3279928E-18 -1.3029835E-03  0.0000000E+00
  2.4000000E+02  2.6660013E-15 -1.1860326E-03  1.9034961E-18 -1.2251664E-03  0.0000000E+00
  2.4000000E+02  1.5976856E-15 -1.1306898E-03 -7.2977893E-19 -1.1476950E-03  0.0000000E+00
  2.4000000E+02  7.1016287E-16 -1.1492330E-03  1.0884115E-17 -1.0705271E-03  0.0000000E+00
  2.4000000E+02 -1.9398760E-16 -1.1365229E-03  5.9809445E-18 -9.9367474E-04  0.0000000E+00
  2.4000000E+02 -1.0195101E-15 -1.1212454E-03 -4.7799998E-19 -9.1708772E-04  0.0000000E+00
  2.4000000E+02 -1.8072155E-15 -1.1119018E-03 -3.1732283E-18 -8.4075904E-04  0.0000000E+00
  2.4000000E+02 -2.6091318E-15 -1.1072072E-03 -2.0079120E-18 -7.6468589E-04  0.0000000E+00
  2.4000000E+02 -3.4325713E-15 -1.1039971E-03  1.1038048E-18 -6.8884773E-04  0.0000000E+00
  2.4000000E+02 -7.0509587E-14  1.8785619E-02  4.2515722E-18  9.7310925E-03  0.0000000E+00
  2.4000000E+02 -1.6438475E-14  1.0369020E-01 -5.4873354E-20  9.2628200E-03  0.0000000E+00
  2.4000000E+02  2.5350872E-14  3.4525398E-02  9.4183039E-19  8.6817360E-03  0.0000000E+00
  2.4000000E+02  2.1591017E-14  1.0792796E-02 -5.7459559E-20  7.3452626E-03  0.0000000E+00
  2.4000000E+02  5.0678230E-15 -8.0842066E-03 -4.3683975E-19  5.5217727E-03  0.0000000E+00
  2.4000000E+02 -1.0101765E-14 -2.4101960E-02 -4.9007325E-19  3.5397043E-03  0.0000000E+00
  2.4000000E+02 -2.1593274E-14 -3.3364783E-02  7.9930059E-19  1.5922045E-03  0.0000000E+00
  2.4000000E+02 -3.2632617E-14 -3.4600468E-02 -1.1668408E-18 -2.2318302E-04  0.0000000E+00
  2.4000000E+02 -3.4718227E-14 -2.8723772E-02 -8.9691678E-19 -1.8590591E-03  0.0000000E+00
  2.4000000E+02 -3.7172770E-14 -1.7591197E-02 -9.5978616E-19 -3.2931104E-03  0.0000000E+00
  2.4000000E+02 -3.4917509E-14 -4.1327357E-03 -4.0933463E-19 -4.5201507E-03  0.0000000E+00
  2.4000000E+02 -2.4873485E-14  7.9087281E-03  3.3100594E-19 -5.5474707E-03  0.0000000E+00
  2.4000000E+02 -1.4681181E-14  1.5468161E-02 -2.6222348E-19 -6.3904676E-03  0.0000000E+00
  2.4000000E+02 -3.6758578E-15  1.7785985E-02  8.1767440E-19 -7.0690022E-03  0.0000000E+00
  2.4000000E+02  3.0159589E-15  1.6251741E-02 -7.8578889E-21 -7.6023812E-03  0.0000000E+00
  2.4000000E+02  7.2323313E-15  1.3184065E-02  1.2975165E-21 -8.0057771E-03  0.0000000E+00
  2.4000000E+02  1.0299981E-14  9.8336797E-03 -7.6838068E-19 -8.2895857E-03  0.0000000E+00
  2.4000000E+02  1.1454159E-14  6.7870328E-03 -1.1456130E-18 -8.4610990E-03  0.0000000E+00
  2.4000000E+02  1.1349243E-14  4.1443231E-03 -1.9821262E-19 -8.5276512E-03  0.0000000E+00
  2.4000000E+02  1.0624691E-14  1.9620616E-03 -4.2320734E-19 -8.4989644E-03  0.0000000E+00
  2.4000000E+02  1.0924372E-14  1.2751729E-05  3.8822268E-20 -8.3882228E-03  0.0000000E+00
  2.4000000E+02  1.0347197E-14 -1.6345782E-03  1.2953313E-19 -8.2103971E-03  0.0000000E+00
  2.4000000E+02  1.0906714E-14 -3.0033267E-03 -2.1616529E-19 -7.9822411E-03  0.0000000E+00
  2.4000000E+02  9.8605279E-15 -4.1583009E-03 -6.7022913E-19 -7.7203602E-03  0.0000000E+00
  2.4000000E+02  8.2030751E-15 -5.0669594E-03 -3.4428055E-19 -7.4393650E-03  0.0000000E+00
  2.4000000E+02  7.6609097E-15 -5.7348325E-03  8.1576033E-19 -7.1512773E-03  0.0000000E+00
  2.4000000E+02  8.1746352E-15 -6.1540405E-03  1.3382026E-18 -6.8654293E-03  0.0000000E+00
  2.4000000E+02  8.2743489E-15 -6.2190936E-03  7.8964790E-20 -6.5886796E-03  0.0000000E+00
  2.4000000E+02  8.8851415E-15 -6.1710223E-03  2.4764017E-20 -6.3260722E-03  0.0000000E+00
  2.4000000E+02  7.9657235E-15 -5.8820520E-03 -5.5632741E-20 -6.0803725E-03  0.0000000E+00
  2.4000000E+02  5.9314400E-15 -5.4126245E-03  4.1220478E-19 -5.8532536E-03  0.0000000E+00
  2.4000000E+02  4.4577018E-15 -4.8932609E-03  3.4866568E-19 -5.6454174E-03  0.0000000E+00
  2.4000000E+02  3.7892000E-15 -4.3222486E-03 -4.0827371E-19 -5.4564411E-03  0.0000000E+00
  2.4000000E+02  3.5750804E-15 -3.7287986E-03 -8.7002668E-19 -5.2851524E-03  0.0000000E+00
  2.4000000E+02  3.2914985E-15 -3.1694758E-03 -4.4203778E-19 -5.1299949E-03  0.0000000E+00
  2.4000000E+02  2.7757381E-15 -2.6582918E-03  1.7642999E-20 -4.9893333E-03  0.0000000E+00
  2.4000000E+02  2.8632781E-15 -2.1308468E-03 -1.1041386E-19 -4.8616512E-03  0.0000000E+00
  2.4000000E+02  2.9497750E-15 -1.6561226E-03  1.2271777E-18 -4.7456798E-03  0.0000000E+00
  2.4000000E+02  2.6074358E-15 -1.2899876E-03  3.0715351E-18 -4.6401658E-03  0.0000000E+00
  2.4000000E+02  2.7803809E-15 -8.8867656E-04 -1.9391128E-18 -4.5437288E-03  0.0000000E+00
  2.4000000E+02  2.6620022E-15 -5.6461870E-04 -9.1123762E-18 -4.4553488E-03  0.0000000E+00
  2.4000000E+02  2.5206025E-15 -3.1847584E-04 -8.7369836E-18 -4.3739927E-03  0.0000000E+00
  2.4000000E+02  2.5221768E-15 -1.3875009E-04 -3.0052961E-20 -4.2985767E-03  0.0000000E+00
  2.4000000E+02  2.3515212E-15 -2.9966276E-05  8.9039629E-18 -4.2279483E-03  0.0000000E+00
  2.4000000E+02  1.9030271E-15  1.4153593E-06  8.9024408E-18 -4.1609059E-03  0.0000000E+00
  2.4000000E+02  1.4044506E-15 -2.5798621E-05 -8.3835325E-19 -4.0962721E-03  0.0000000E+00
  2.4000000E+02  1.4290853E-15 -5.6373000E-05 -7.9585242E-18 -4.0330388E-03  0.0000000E+00
  2.4000000E+02  1.3342100E-15 -5.6258689E-05  3.9825659E-18 -3.9705899E-03  0.0000000E+00
  2.4000000E+02  1.0127105E-15 -2.1160892E-04  7.4814544E-19 -3.9084136E-03  0.0000000E+00
  2.4000000E+02  1.0206543E-15 -2.7156301E-04  1.8881566E-18 -3.8458749E-03  0.0000000E+00
  2.4000000E+02  1.0213153E-15 -3.2534440E-04  1.0451833E-18 -3.7825462E-03  0.0000000E+00
  2.4000000E+02  9.8425707E-16 -3.8257028E-04  1.7287240E-19 -3.7182211E-03  0.0000000E+00
  2.4000000E+02  1.0761190E-15 -4.3534528E-04  4.6732507E-19 -3.6527468E-03  0.0000000E+00
  2.4000000E+02  1.2135600E-15 -4.8451125E-04  7.3950814E-19 -3.5859394E-03  0.0000000E+00
  2.4000000E+02  1.2121013E-15 -5.4116195E-04 -2.8770254E-19 -3.5175637E-03  0.0000000E+00
  2.4000000E+02  1.0013782E-15 -6.1453154E-04 -1.2742344E-18 -3.4473611E-03  0.0000000E+00
  2.4000000E+02  7.1544797E-16 -6.9736579E-04  1.3343259E-18 -3.3751078E-03  0.0000000E+00
  2.4000000E+02  5.9665715E-16 -7.5988482E-04  6.2793450E-18 -3.3006857E-03  0.0000000E+00
  2.4000000E+02  9.3072972E-16 -7.7855663E-04 -4.0024576E-18 -3.2241503E-03  0.0000000E+00
  2.4000000E+02  1.0521250E-15 -8.9881824E-04  9.6677018E-18 -3.1456370E-03  0.0000000E+00
  2.4000000E+02  8.0008865E-16 -9.2714602E-04  1.3007420E-18 -3.0651724E-03  0.0000000E+00
  2.4000000E+02  6.8476251E-16 -9.4051297E-04 -6.7897441E-19 -2.9830219E-03  0.0000000E+00
  2.4000000E+02  6.1085266E-16 -9.6024351E-04  1.8907923E-18 -2.8994985E-03  0.0000000E+00
  2.4000000E+02  4.6264351E-16 -9.8817756E-04  2.3395794E-18 -2.8148388E-03  0.0000000E+00
  2.4000000E+02  2.8161836E-16 -1.0238118E-03 -7.7855794E-19 -2.7291694E-03  0.0000000E+00
  2.4000000E+02  1.8712476E-16 -1.0681859E-03 -3.7980118E-18 -2.6425343E-03  0.0000000E+00
  2.4000000E+02  2.5760813E-16 -1.1202811E-03 -3.0227516E-18 -2.5549543E-03  0.0000000E+00
  2.4000000E+02  4.2203781E-16 -1.1716991E-03  4.2639504E-19 -2.4664886E-03  0.0000000E+00
  2.4000000E+02  5.0746205E-16 -1.2053894E-03  1.2003296E-18 -2.3772700E-03  0.0000000E+00
  2.4000000E+02  3.1702416E-16 -1.2041917E-03  9.4815449E-19 -2.2874827E-03  0.0000000E+00
  2.4000000E+02  2.1700020E-16 -1.2245136E-03  3.3237443E-18 -2.1973189E-03  0.0000000E+00
  2.4000000E+02  1.9683212E-16 -1.2477890E-03 -1.5604592E-18 -2.1068629E-03  0.0000000E+00
  2.4000000E+02  1.4953716E-16 -1.2427571E-03 -4.5628514E-20 -2.0160625E-03  0.0000000E+00
  2.4000000E+02  1.1347288E-16 -1.2339860E-03  1.0115623E-18 -1.9249813E-03  0.0000000E+00
  2.4000000E+02  1.1303813E-16 -1.2224856E-03  3.8696627E-19 -1.8337365E-03  0.0000000E+00
  2.4000000E+02  1.6182795E-16 -1.2043745E-03 -8.7912739E-19 -1.7424728E-03  0.0000000E+00
  2.4000000E+02  2.0756852E-16 -1.1790476E-03 -1.5372507E-18 -1.6513333E-03  0.0000000E+00
  2.4000000E+02  1.8817919E-16 -1.1499945E-03 -1.1115760E-18 -1.5604318E-03  0.0000000E+00
  2.4000000E+02  1.0334137E-16 -1.1214220E-03 -5.0688063E-20 -1.4698368E-03  0.0000000E+00
  2.4000000E+02 -3.8464933E-18 -1.0938333E-03  7.1329510E-19 -1.3795711E-03  0.0000000E+00
  2.4000000E+02 -4.2066078E-17 -1.0617139E-03  5.5686218E-19 -1.2896360E-03  0.0000000E+00
  2.4000000E+02  2.4205498E-17 -1.0164777E-03  6.8113766E-20 -1.2000671E-03  0.0000000E+00
  2.4000000E+02  2.5090552E-17 -9.9578141E-04 -1.9997186E-19 -1.1109529E-03  0.0000000E+00
  2.4000000E+02 -2.6021608E-17 -9.9307335E-04  1.6496596E-18 -1.0222554E-03  0.0000000E+00
  2.4000000E+02 -2.5305775E-17 -9.7708374E-04  7.5846356E-19 -9.3392771E-04  0.0000000E+00
  2.4000000E+02  6.0935224E-18 -9.6681123E-04 -2.8136742E-18 -8.4594338E-04  0.0000000E+00
  2.4000000E+02  1.9832216E-17 -9.6208596E-04 -5.4300785E-18 -7.5829839E-04  0.0000000E+00
  2.4000000E+02 -7.8130300E-18 -9.5890152E-04 -5.1192690E-18 -6.7096070E-04  0.0000000E+00
  2.4000000E+02 -5.8091897E-17 -9.5599641E-04 -2.8002372E-18 -5.8385772E-04  0.0000000E+00
  2.4000000E+02 -9.2205775E-17 -9.5536790E-04 -9.8815470E-19 -4.9688975E-04  0.0000000E+00
  2.4000000E+02 -8.9200310E-17 -9.5940125E-04 -1.4776500E-18 -4.0995724E-04  0.0000000E+00
  2.4000000E+02 -6.0984688E-17 -9.6729713E-04 -3.5007924E-18 -3.2298985E-04  0.0000000E+00
  2.4000000E+02 -4.4767470E-17 -9.7348018E-04 -3.8569193E-18 -2.3596522E-04  0.0000000E+00
  2.4000000E+02 -8.6052622E-17 -9.7067152E-04 -5.1144714E-19 -1.4890546E-04  0.0000000E+00
  2.4000000E+02 -1.3229911E-16 -9.6844229E-04 -5.7170196E-19 -6.1851068E-05  0.0000000E+00
  2.4000000E+02 -2.9546946E-16 -9.9243859E-04 -3.4819450E-18  2.5149078E-05  0.0000000E+00
  2.4000000E+02 -2.4861353E-16 -1.0004945E-03 -2.7623345E-18  1.1214274E-04  0.0000000E+00
  2.4000000E+02 -1.0935721E-16 -1.0094585E-03 -1.8762697E-19  1.9912467E-04  0.0000000E+00
  2.4000000E+02 -6.5357668E-17 -1.0215694E-03  1.5768790E-18  2.8609747E-04  0.0000000E+00
  2.4000000E+02 -1.8678294E-16 -1.0349934E-03  1.4791383E-18  3.7304198E-04  0.0000000E+00
  2.4000000E+02 -3.6912175E-16 -1.0485511E-03  3.5497325E-19  4.5990590E-04  0.0000000E+00
  2.4000000E+02  1.0831492E-15  2.1613562E-02 -4.8915938E-18  9.7310925E-03  0.0000000E+00
  2.4000000E+02  6.1595340E-15  1.3803901E-01  3.9812106E-19  9.3216239E-03  0.0000000E+00
  2.4000000E+02 -4.0284511E-15  5.2869301E-02  1.5264385E-18  8.9073861E-03  0.0000000E+00
  2.4000000E+02 -5.5505095E-15  2.1317961E-02 -4.0021303E-20  7.9548646E-03  0.0000000E+00
  2.4000000E+02 -1.9998425E-15  2.0845892E-03  1.3610920E-19  6.5224312E-03  0.0000000E+00
  2.4000000E+02  1.8471892E-15 -1.6197097E-02 -4.3514321E-19  4.8538713E-03  0.0000000E+00
  2.4000000E+02 -1.7193859E-15 -3.0686706E-02  7.1989343E-19  3.1280752E-03  0.0000000E+00
  2.4000000E+02  4.0167940E-15 -3.8815109E-02  6.0982576E-19  1.4494507E-03  0.0000000E+00
  2.4000000E+02 -1.3156179E-15 -3.9979859E-02  2.3300807E-20 -1.2526683E-04  0.0000000E+00
  2.4000000E+02  1.1076976E-14 -3.4843575E-02  3.5283781E-20 -1.5657737E-03  0.0000000E+00
  2.4000000E+02  1.4227550E-14 -2.4835981E-02 -5.4661148E-21 -2.8560860E-03  0.0000000E+00
  2.4000000E+02  7.2228754E-15 -1.1818660E-02  2.4505288E-20 -3.9902521E-03  0.0000000E+00
  2.4000000E+02  9.3326730E-15  1.4366711E-03  5.5570917E-20 -4.9704063E-03  0.0000000E+00
  2.4000000E+02 -3.5166677E-15  1.2189015E-02 -1.4655221E-19 -5.8042306E-03  0.0000000E+00
  2.4000000E+02  2.9446683E-15  1.8575244E-02 -1.3464784E-19 -6.5031595E-03  0.0000000E+00
  2.4000000E+02  2.9792009E-15  2.0458935E-02  8.1704986E-19 -7.0805810E-03  0.0000000E+00
  2.4000000E+02  8.7130284E-16  1.9020389E-02 -4.0407102E-19 -7.5489571E-03  0.0000000E+00
  2.4000000E+02 -1.0026840E-15  1.6104650E-02 -3.0163427E-18 -7.9183812E-03  0.0000000E+00
  2.4000000E+02  3.5438151E-16  1.2746886E-02 -3.9165220E-18 -8.1961631E-03  0.0000000E+00
  2.4000000E+02  3.8962017E-16  9.5328708E-03 -1.6187568E-18 -8.3874184E-03  0.0000000E+00
  2.4000000E+02 -1.5697826E-15  6.6667702E-03  2.2010008E-18 -8.4966252E-03  0.0000000E+00
  2.4000000E+02  2.2406623E-16  4.1400624E-03  3.4786850E-18 -8.5290863E-03  0.0000000E+00
  2.4000000E+02  6.4595842E-15  2.0683531E-03  5.9025586E-19 -8.4917270E-03  0.0000000E+00
  2.4000000E+02 -3.3932266E-15  9.7101302E-05 -6.8192399E-21 -8.3936333E-03  0.0000000E+00
  2.4000000E+02 -9.1519520E-16 -1.5898983E-03 -3.4920025E-19 -8.2445001E-03  0.0000000E+00
  2.4000000E+02 -1.8963152E-15 -3.0051494E-03 -1.6010953E-18 -8.0552536E-03  0.0000000E+00
  2.4000000E+02 -3.7241636E-15 -4.2417827E-03 -5.4183517E-18 -7.8369852E-03  0.0000000E+00
  2.4000000E+02 -5.7244198E-15 -5.2740709E-03 -9.3079934E-18 -7.5998094E-03  0.0000000E+00
  2.4000000E+02 -4.0848370E-15 -6.0905307E-03 -9.0595542E-18 -7.3524637E-03  0.0000000E+00
  2.4000000E+02 -2.7733471E-15 -6.7022243E-03 -4.1156573E-18 -7.1021535E-03  0.0000000E+00
  2.4000000E+02 -1.4581805E-15 -7.0920900E-03  1.3887986E-19 -6.8545742E-03  0.0000000E+00
  2.4000000E+02  4.3390535E-17 -7.1711274E-03 -8.0986477E-19 -6.6140467E-03  0.0000000E+00
  2.4000000E+02  5.3660781E-16 -7.0872567E-03  1.1333044E-18 -6.3838860E-03  0.0000000E+00
  2.4000000E+02 -1.6062863E-15 -6.9308052E-03  4.1821892E-19 -6.1661954E-03  0.0000000E+00
  2.4000000E+02 -2.1111419E-15 -6.5008605E-03  1.4792252E-18 -5.9620816E-03  0.0000000E+00
  2.4000000E+02 -1.7542832E-15 -6.0080484E-03  1.3279788E-18 -5.7723783E-03  0.0000000E+00
  2.4000000E+02 -8.5655583E-16 -5.4734180E-03 -1.3725347E-19 -5.5971807E-03  0.0000000E+00
  2.4000000E+02 -2.5482565E-16 -4.8950893E-03 -1.4296347E-18 -5.4360250E-03  0.0000000E+00
  2.4000000E+02 -2.8088262E-16 -4.3021869E-03 -1.0310973E-18 -5.2880752E-03  0.0000000E+00
  2.4000000E+02 -1.8603543E-16 -3.7389188E-03  1.2672637E-18 -5.1523009E-03  0.0000000E+00
  2.4000000E+02  6.3756694E-16 -3.2216601E-03  3.7179914E-18 -5.0276266E-03  0.0000000E+00
  2.4000000E+02  3.9048068E-16 -2.7119007E-03  3.1395045E-18 -4.9130361E-03  0.0000000E+00
  2.4000000E+02 -3.3673122E-16 -2.1479151E-03 -2.9159800E-18 -4.8076122E-03  0.0000000E+00
  2.4000000E+02 -3.9371833E-16 -1.7934403E-03  9.9862163E-18 -4.7106691E-03  0.0000000E+00
  2.4000000E+02 -3.0830032E-16 -1.3925415E-03  1.1116680E-17 -4.6211978E-03  0.0000000E+00
  2.4000000E+02 -6.6623394E-16 -9.9822486E-04  1.0326392E-17 -4.5384177E-03  0.0000000E+00
  2.4000000E+02 -1.0315874E-15 -6.7400356E-04  1.0857980E-17 -4.4616631E-03  0.0000000E+00
  2.4000000E+02 -1.0061255E-15 -4.1842508E-04  9.4466268E-18 -4.3902595E-03  0.0000000E+00
  2.4000000E+02 -6.1318752E-16 -2.2107750E-04  5.2419066E-18 -4.3235046E-03  0.0000000E+00
  2.4000000E+02  1.4437157E-16 -8.2396518E-05  8.6931338E-19 -4.2606567E-03  0.0000000E+00
  2.4000000E+02  5.5046106E-16 -9.7208467E-06 -7.0619200E-19 -4.2009389E-03  0.0000000E+00
  2.4000000E+02  4.0026039E-16 -2.0430327E-06  1.4774416E-19 -4.1435619E-03  0.0000000E+00
  2.4000000E+02 -1.6564269E-16 -3.5903264E-05 -8.1447770E-19 -4.0877763E-03  0.0000000E+00
  2.4000000E+02 -7.8824199E-16 -6.4873388E-05 -5.4726787E-18 -4.0329559E-03  0.0000000E+00
  2.4000000E+02  1.4295063E-16 -4.5078511E-05  3.3542587E-18 -3.9787231E-03  0.0000000E+00
  2.4000000E+02  4.5894194E-16 -2.1504402E-04  3.5251016E-18 -3.9247613E-03  0.0000000E+00
  2.4000000E+02  2.2289706E-17 -2.8865693E-04  7.8039420E-19 -3.8706450E-03  0.0000000E+00
  2.4000000E+02 -3.0822619E-16 -3.4084465E-04 -5.3740833E-19 -3.8160268E-03  0.0000000E+00
  2.4000000E+02 -2.3885312E-16 -3.9681476E-04 -5.3823469E-19 -3.7607266E-03  0.0000000E+00
  2.4000000E+02  3.2891822E-16 -4.5347470E-04 -3.9416058E-20 -3.7046362E-03  0.0000000E+00
  2.4000000E+02  7.6934903E-16 -5.0526896E-04  2.3239676E-19 -3.6476549E-03  0.0000000E+00
  2.4000000E+02  9.3072275E-16 -5.5424876E-04  1.7159642E-20 -3.5896579E-03  0.0000000E+00
  2.4000000E+02  8.7615697E-16 -6.0911701E-04 -4.4328964E-19 -3.5304903E-03  0.0000000E+00
  2.4000000E+02  3.3917464E-16 -6.7799117E-04 -6.2910185E-19 -3.4699823E-03  0.0000000E+00
  2.4000000E+02 -5.9975552E-17 -7.5962691E-04 -1.4392680E-19 -3.4079759E-03  0.0000000E+00
  2.4000000E+02 -3.1739689E-16 -8.3784536E-04  7.8744133E-19 -3.3443601E-03  0.0000000E+00
  2.4000000E+02 -1.3622340E-16 -8.8390658E-04  8.0678956E-19 -3.2791063E-03  0.0000000E+00
  2.4000000E+02 -1.3087420E-16 -9.3044633E-04  1.5904937E-18 -3.2122988E-03  0.0000000E+00
  2.4000000E+02  2.9781702E-16 -1.0353877E-03  2.5868761E-18 -3.1440015E-03  0.0000000E+00
  2.4000000E+02  2.7108704E-16 -1.0648046E-03 -2.5994362E-20 -3.0742327E-03  0.0000000E+00
  2.4000000E+02 -2.0110926E-16 -1.0780099E-03  3.4617106E-19 -3.0031665E-03  0.0000000E+00
  2.4000000E+02 -6.7853869E-16 -1.0950975E-03  2.2426439E-18 -2.9310126E-03  0.0000000E+00
  2.4000000E+02 -8.6790406E-16 -1.1195241E-03  2.8192013E-18 -2.8579471E-03  0.0000000E+00
  2.4000000E+02 -7.6507045E-16 -1.1506444E-03  9.7120846E-19 -2.7840841E-03  0.0000000E+00
  2.4000000E+02 -3.3612388E-16 -1.1886592E-03 -2.1354649E-18 -2.7094785E-03  0.0000000E+00
  2.4000000E+02  2.3640474E-17 -1.2344414E-03 -4.1694187E-18 -2.6341489E-03  0.0000000E+00
  2.4000000E+02  2.3745096E-16 -1.2867007E-03 -3.4183123E-18 -2.5581092E-03  0.0000000E+00
  2.4000000E+02  2.1551082E-16 -1.3389502E-03 -2.9679379E-19 -2.4813985E-03  0.0000000E+00
  2.4000000E+02  8.5307831E-17 -1.3787371E-03  2.3785048E-18 -2.4040989E-03  0.0000000E+00
  2.4000000E+02 -1.8084333E-17 -1.3915997E-03  1.3031830E-18 -2.3263285E-03  0.0000000E+00
  2.4000000E+02 -3.0748534E-17 -1.3722136E-03 -2.2552278E-18 -2.2482011E-03  0.0000000E+00
  2.4000000E+02 -3.8840536E-17 -1.4242056E-03  2.0726357E-17 -2.1698665E-03  0.0000000E+00
  2.4000000E+02 -5.8414550E-17 -1.4355997E-03 -5.7905823E-19 -2.0912820E-03  0.0000000E+00
  2.4000000E+02 -5.2700033E-17 -1.4294614E-03 -1.6269329E-17 -2.0124418E-03  0.0000000E+00
  2.4000000E+02 -1.3902480E-17 -1.4207414E-03 -1.5036576E-17 -1.9333922E-03  0.0000000E+00
  2.4000000E+02 -1.2379870E-20 -1.4100130E-03 -6.2133669E-18 -1.8542094E-03  0.0000000E+00
  2.4000000E+02 -1.3230595E-17 -1.3941395E-03 -7.9226869E-19 -1.7749873E-03  0.0000000E+00
  2.4000000E+02 -5.6616883E-17 -1.3716342E-03 -3.0257895E-18 -1.6958221E-03  0.0000000E+00
  2.4000000E+02 -8.2019532E-17 -1.3440567E-03 -9.6531073E-18 -1.6167987E-03  0.0000000E+00
  2.4000000E+02 -7.0110081E-17 -1.3147948E-03 -1.3799996E-17 -1.5379794E-03  0.0000000E+00
  2.4000000E+02 -1.1073190E-17 -1.2865732E-03 -1.0598353E-17 -1.4593988E-03  0.0000000E+00
  2.4000000E+02  5.0203038E-17 -1.2590394E-03 -1.5717293E-18 -1.3810669E-03  0.0000000E+00
  2.4000000E+02  6.2857154E-17 -1.2277679E-03  5.1667259E-18 -1.3029835E-03  0.0000000E+00
  2.4000000E+02  1.1093231E-17 -1.1860326E-03  1.8575060E-18 -1.2251664E-03  0.0000000E+00
  2.4000000E+02 -9.3033089E-18 -1.1306898E-03 -1.8672330E-18 -1.1476950E-03  0.0000000E+00
  2.4000000E+02 -2.2485919E-17 -1.1492330E-03  1.0928117E-17 -1.0705271E-03  0.0000000E+00
  2.4000000E+02 -4.8675698E-17 -1.1365229E-03  6.1856170E-18 -9.9367474E-04  0.0000000E+00
  2.4000000E+02 -1.6470788E-17 -1.1212454E-03 -5.0095090E-19 -9.1708772E-04  0.0000000E+00
  2.4000000E+02  4.4624296E-17 -1.1119018E-03 -3.3496277E-18 -8.4075904E-04  0.0000000E+00
  2.4000000E+02  7.3690483E-17 -1.1072072E-03 -2.1192369E-18 -7.6468589E-04  0.0000000E+00
  2.4000000E+02  5.7910762E-17 -1.1039971E-03  1.1812627E-18 -6.8884773E-04  0.0000000E+00
