          atime         tdf_uu         tdf_vv         tdf_ww         pm1avg           tavg
  2.4000000E+02  1.3294953E-05 -1.3687593E-06  5.5091774E-06  9.7310925E-03  0.0000000E+00
  2.4000000E+02 -5.9780739E-01 -7.6123391E-02 -8.4302015E-02  9.3216239E-03  0.0000000E+00
  2.4000000E+02 -2.1732026E-01 -2.5486392E-03 -6.5808361E-02  8.9073861E-03  0.0000000E+00
  2.4000000E+02  4.8487752E-02  2.3131611E-02 -2.0769726E-02  7.9548646E-03  0.0000000E+00
  2.4000000E+02  1.2229769E-01  2.6838836E-02  3.1400310E-03  6.5224312E-03  0.0000000E+00
  2.4000000E+02  1.2708381E-01  2.4691107E-02  1.3723139E-02  4.8538713E-03  0.0000000E+00
  2.4000000E+02  1.0770662E-01  1.9765665E-02  1.6630639E-02  3.1280752E-03  0.0000000E+00
  2.4000000E+02  8.2114144E-02  1.2724662E-02  1.5482570E-02  1.4494507E-03  0.0000000E+00
  2.4000000E+02  5.9976364E-02  4.1944314E-03  1.2968479E-02 -1.2526683E-04  0.0000000E+00
  2.4000000E+02  4.3798015E-02 -4.5858732E-03  1.0728581E-02 -1.5657737E-03  0.0000000E+00
  2.4000000E+02  3.1368371E-02 -1.2146825E-02  9.3248423E-03 -2.8560860E-03  0.0000000E+00
  2.4000000E+02  2.0238480E-02 -1.7375884E-02  8.5449775E-03 -3.9902521E-03  0.0000000E+00
  2.4000000E+02  8.6543735E-03 -2.0073099E-02  7.7051195E-03 -4.9704063E-03  0.0000000E+00
  2.4000000E+02 -4.3215059E-03 -2.0849721E-02  6.2342052E-03 -5.8042306E-03  0.0000000E+00
  2.4000000E+02 -1.7392664E-02 -2.0698805E-02  4.0897092E-03 -6.5031595E-03  0.0000000E+00
  2.4000000E+02 -2.6166306E-02 -2.0450819E-02  1.8381711E-03 -7.0805810E-03  0.0000000E+00
  2.4000000E+02 -2.8424485E-02 -2.0388530E-02  4.1052954E-05 -7.5489571E-03  0.0000000E+00
  2.4000000E+02 -2.6091113E-02 -2.0289694E-02 -1.0570231E-03 -7.9183812E-03  0.0000000E+00
  2.4000000E+02 -2.1865738E-02 -1.9912289E-02 -1.7438053E-03 -8.1961631E-03  0.0000000E+00
  2.4000000E+02 -1.7516933E-02 -1.9059346E-02 -2.3165864E-03 -8.3874184E-03  0.0000000E+00
  2.4000000E+02 -1.3738906E-02 -1.7634771E-02 -2.9238683E-03 -8.4966252E-03  0.0000000E+00
  2.4000000E+02 -1.0483853E-02 -1.5659454E-02 -3.5327507E-03 -8.5290863E-03  0.0000000E+00
  2.4000000E+02 -7.5595809E-03 -1.3188637E-02 -3.9439572E-03 -8.4917270E-03  0.0000000E+00
  2.4000000E+02 -5.0188493E-03 -1.0376452E-02 -4.2511697E-03 -8.3936333E-03  0.0000000E+00
  2.4000000E+02 -2.6204301E-03 -7.4005928E-03 -4.2951637E-03 -8.2445001E-03  0.0000000E+00
  2.4000000E+02 -2.0036253E-04 -4.4014508E-03 -4.0616126E-03 -8.0552536E-03  0.0000000E+00
  2.4000000E+02  2.2176025E-03 -1.5942957E-03 -3.6330935E-03 -7.8369852E-03  0.0000000E+00
  2.4000000E+02  4.5760233E-03  8.7315419E-04 -3.0432645E-03 -7.5998094E-03  0.0000000E+00
  2.4000000E+02  6.8348814E-03  2.9302152E-03 -2.3304085E-03 -7.3524637E-03  0.0000000E+00
  2.4000000E+02  8.9454314E-03  4.5598744E-03 -1.5570112E-03 -7.1021535E-03  0.0000000E+00
  2.4000000E+02  1.0819049E-02  5.7716435E-03 -7.9302314E-04 -6.8545742E-03  0.0000000E+00
  2.4000000E+02  1.2363341E-02  6.5996934E-03 -6.0449836E-05 -6.6140467E-03  0.0000000E+00
  2.4000000E+02  1.3576009E-02  7.1026640E-03  6.1592692E-04 -6.3838860E-03  0.0000000E+00
  2.4000000E+02  1.4399834E-02  7.3279948E-03  1.1501620E-03 -6.1661954E-03  0.0000000E+00
  2.4000000E+02  1.4903550E-02  7.3731763E-03  1.6509159E-03 -5.9620816E-03  0.0000000E+00
  2.4000000E+02  1.5079617E-02  7.2500630E-03  2.0371013E-03 -5.7723783E-03  0.0000000E+00
  2.4000000E+02  1.4942872E-02  6.9879978E-03  2.3002276E-03 -5.5971807E-03  0.0000000E+00
  2.4000000E+02  1.4531588E-02  6.6269714E-03  2.4598693E-03 -5.4360250E-03  0.0000000E+00
  2.4000000E+02  1.3900408E-02  6.2066501E-03  2.5428193E-03 -5.2880752E-03  0.0000000E+00
  2.4000000E+02  1.3108878E-02  5.7559870E-03  2.5766440E-03 -5.1523009E-03  0.0000000E+00
  2.4000000E+02  1.2209266E-02  5.2881299E-03  2.5883566E-03 -5.0276266E-03  0.0000000E+00
  2.4000000E+02  1.1237419E-02  4.8053410E-03  2.5989258E-03 -4.9130361E-03  0.0000000E+00
  2.4000000E+02  1.0210337E-02  4.3186423E-03  2.6043352E-03 -4.8076122E-03  0.0000000E+00
  2.4000000E+02  9.1066839E-03  3.8280395E-03  2.5340099E-03 -4.7106691E-03  0.0000000E+00
  2.4000000E+02  8.0368924E-03  3.3690097E-03  2.4853581E-03 -4.6211978E-03  0.0000000E+00
  2.4000000E+02  7.0002411E-03  2.9464445E-03  2.4118743E-03 -4.5384177E-03  0.0000000E+00
  2.4000000E+02  5.9931408E-03  2.5528821E-03  2.2908201E-03 -4.4616631E-03  0.0000000E+00
  2.4000000E+02  5.0269891E-03  2.1894168E-03  2.1303319E-03 -4.3902595E-03  0.0000000E+00
  2.4000000E+02  4.1169227E-03  1.8628298E-03  1.9469591E-03 -4.3235046E-03  0.0000000E+00
  2.4000000E+02  3.2763224E-03  1.5808215E-03  1.7551045E-03 -4.2606567E-03  0.0000000E+00
  2.4000000E+02  2.5153793E-03  1.3471989E-03  1.5646560E-03 -4.2009389E-03  0.0000000E+00
  2.4000000E+02  1.8420275E-03  1.1588717E-03  1.3830999E-03 -4.1435619E-03  0.0000000E+00
  2.4000000E+02  1.2635518E-03  1.0065134E-03  1.2184033E-03 -4.0877763E-03  0.0000000E+00
  2.4000000E+02  7.8717718E-04  8.8073853E-04  1.0789555E-03 -4.0329559E-03  0.0000000E+00
  2.4000000E+02  4.1794662E-04  7.8565355E-04  9.6685796E-04 -3.9787231E-03  0.0000000E+00
  2.4000000E+02  6.3834971E-05  7.0076359E-04  8.1963607E-04 -3.9247613E-03  0.0000000E+00
  2.4000000E+02 -1.8533033E-04  6.5279202E-04  7.1858880E-04 -3.8706450E-03  0.0000000E+00
  2.4000000E+02 -3.6335948E-04  6.2613525E-04  6.3391385E-04 -3.8160268E-03  0.0000000E+00
  2.4000000E+02 -4.9066715E-04  6.0759571E-04  5.5443916E-04 -3.7607266E-03  0.0000000E+00
  2.4000000E+02 -5.7664615E-04  5.9155576E-04  4.8039833E-04 -3.7046362E-03  0.0000000E+00
  2.4000000E+02 -6.2660826E-04  5.7886240E-04  4.1495819E-04 -3.6476549E-03  0.0000000E+00
  2.4000000E+02 -6.4544354E-04  5.7377122E-04  3.6004763E-04 -3.5896579E-03  0.0000000E+00
  2.4000000E+02 -6.3877835E-04  5.8023478E-04  3.1530982E-04 -3.5304903E-03  0.0000000E+00
  2.4000000E+02 -6.1241226E-04  5.9882124E-04  2.7899969E-04 -3.4699823E-03  0.0000000E+00
  2.4000000E+02 -5.7081380E-04  6.2554846E-04  2.4964878E-04 -3.4079759E-03  0.0000000E+00
  2.4000000E+02 -5.1545540E-04  6.5391931E-04  2.2731941E-04 -3.3443601E-03  0.0000000E+00
  2.4000000E+02 -4.4376754E-04  6.8144351E-04  2.1327021E-04 -3.2791063E-03  0.0000000E+00
  2.4000000E+02 -3.7246228E-04  7.1317512E-04  1.9336768E-04 -3.2122988E-03  0.0000000E+00
  2.4000000E+02 -3.1245752E-04  7.2637111E-04  1.7676809E-04 -3.1440015E-03  0.0000000E+00
  2.4000000E+02 -2.1581902E-04  7.3614082E-04  1.9017551E-04 -3.0742327E-03  0.0000000E+00
  2.4000000E+02 -1.1445195E-04  7.4471895E-04  2.0410149E-04 -3.0031665E-03  0.0000000E+00
  2.4000000E+02 -1.9413882E-05  7.5430471E-04  2.0784449E-04 -2.9310126E-03  0.0000000E+00
  2.4000000E+02  6.8932506E-05  7.6768536E-04  2.0066281E-04 -2.8579471E-03  0.0000000E+00
  2.4000000E+02  1.5390190E-04  7.8771554E-04  1.8621160E-04 -2.7840841E-03  0.0000000E+00
  2.4000000E+02  2.3821215E-04  8.1620321E-04  1.6946984E-04 -2.7094785E-03  0.0000000E+00
  2.4000000E+02  3.2206121E-04  8.5275298E-04  1.5538342E-04 -2.6341489E-03  0.0000000E+00
  2.4000000E+02  4.0316323E-04  8.9411755E-04  1.4845013E-04 -2.5581092E-03  0.0000000E+00
  2.4000000E+02  4.7835173E-04  9.3460816E-04  1.5247269E-04 -2.4813985E-03  0.0000000E+00
  2.4000000E+02  5.4635778E-04  9.6811463E-04  1.6970560E-04 -2.4040989E-03  0.0000000E+00
  2.4000000E+02  6.1137113E-04  9.9228598E-04  1.9862205E-04 -2.3263285E-03  0.0000000E+00
  2.4000000E+02  6.8699227E-04  1.0154223E-03  2.2952656E-04 -2.2482011E-03  0.0000000E+00
  2.4000000E+02  7.2406109E-04  1.0231607E-03  2.4371285E-04 -2.1698665E-03  0.0000000E+00
  2.4000000E+02  7.6519010E-04  1.0330123E-03  2.7252650E-04 -2.0912820E-03  0.0000000E+00
  2.4000000E+02  8.0522084E-04  1.0446478E-03  3.0413551E-04 -2.0124418E-03  0.0000000E+00
  2.4000000E+02  8.3650136E-04  1.0528654E-03  3.3284520E-04 -1.9333922E-03  0.0000000E+00
  2.4000000E+02  8.5711187E-04  1.0542797E-03  3.5784770E-04 -1.8542094E-03  0.0000000E+00
  2.4000000E+02  8.6820890E-04  1.0478305E-03  3.7972788E-04 -1.7749873E-03  0.0000000E+00
  2.4000000E+02  8.7237195E-04  1.0344717E-03  3.9869896E-04 -1.6958221E-03  0.0000000E+00
  2.4000000E+02  8.7269496E-04  1.0163589E-03  4.1414199E-04 -1.6167987E-03  0.0000000E+00
  2.4000000E+02  8.7236503E-04  9.9585717E-04  4.2502352E-04 -1.5379794E-03  0.0000000E+00
  2.4000000E+02  8.7447071E-04  9.7468827E-04  4.3076592E-04 -1.4593988E-03  0.0000000E+00
  2.4000000E+02  8.8178224E-04  9.5353815E-04  4.3214458E-04 -1.3810669E-03  0.0000000E+00
  2.4000000E+02  8.9624628E-04  9.3244440E-04  4.3178627E-04 -1.3029835E-03  0.0000000E+00
  2.4000000E+02  9.1793720E-04  9.1228403E-04  4.3384312E-04 -1.2251664E-03  0.0000000E+00
  2.4000000E+02  9.4320766E-04  8.9768193E-04  4.4241645E-04 -1.1476950E-03  0.0000000E+00
  2.4000000E+02  9.4463447E-04  8.8565212E-04  4.3842207E-04 -1.0705271E-03  0.0000000E+00
  2.4000000E+02  9.6279568E-04  8.8237599E-04  4.5489548E-04 -9.9367474E-04  0.0000000E+00
  2.4000000E+02  9.9175145E-04  8.8524389E-04  4.7725028E-04 -9.1708772E-04  0.0000000E+00
  2.4000000E+02  1.0268541E-03  8.9196572E-04  4.9755539E-04 -8.4075904E-04  0.0000000E+00
  2.4000000E+02  1.0648321E-03  9.0121149E-04  5.1252319E-04 -7.6468589E-04  0.0000000E+00
  2.4000000E+02  1.1032938E-03  9.1254796E-04  5.2151693E-04 -6.8884773E-04  0.0000000E+00
  2.4000000E+02  1.1555427E-05 -1.1896693E-06  4.7883504E-06  9.7310925E-03  0.0000000E+00
  2.4000000E+02 -5.0697624E-01 -5.5224906E-02 -8.1622141E-02  9.2628200E-03  0.0000000E+00
  2.4000000E+02 -9.1258206E-02  8.4785764E-03 -4.3216816E-02  8.6817360E-03  0.0000000E+00
  2.4000000E+02  8.3509068E-02  2.2579737E-02 -6.6374604E-03  7.3452626E-03  0.0000000E+00
  2.4000000E+02  1.1265420E-01  2.2540741E-02  9.3378932E-03  5.5217727E-03  0.0000000E+00
  2.4000000E+02  9.8548076E-02  1.8382589E-02  1.4273501E-02  3.5397043E-03  0.0000000E+00
  2.4000000E+02  7.3279445E-02  1.1656823E-02  1.3619447E-02  1.5922045E-03  0.0000000E+00
  2.4000000E+02  5.1072326E-02  3.1425579E-03  1.1130254E-02 -2.2318302E-04  0.0000000E+00
  2.4000000E+02  3.5533119E-02 -5.5467344E-03  8.9924391E-03 -1.8590591E-03  0.0000000E+00
  2.4000000E+02  2.3649953E-02 -1.2499044E-02  7.8203540E-03 -3.2931104E-03  0.0000000E+00
  2.4000000E+02  1.2467834E-02 -1.6578782E-02  7.0910353E-03 -4.5201507E-03  0.0000000E+00
  2.4000000E+02  4.8615063E-05 -1.8033419E-02  5.9116087E-03 -5.5474707E-03  0.0000000E+00
  2.4000000E+02 -1.3285819E-02 -1.8035296E-02  3.9001349E-03 -6.3904676E-03  0.0000000E+00
  2.4000000E+02 -2.2634157E-02 -1.7777496E-02  1.6397464E-03 -7.0690022E-03  0.0000000E+00
  2.4000000E+02 -2.4612121E-02 -1.7716100E-02 -1.1883583E-04 -7.6023812E-03  0.0000000E+00
  2.4000000E+02 -2.1723197E-02 -1.7575521E-02 -1.1105656E-03 -8.0057771E-03  0.0000000E+00
  2.4000000E+02 -1.7321369E-02 -1.7043146E-02 -1.7327693E-03 -8.2895857E-03  0.0000000E+00
  2.4000000E+02 -1.3232784E-02 -1.5900614E-02 -2.3177409E-03 -8.4610990E-03  0.0000000E+00
  2.4000000E+02 -9.8207677E-03 -1.4102090E-02 -2.9392544E-03 -8.5276512E-03  0.0000000E+00
  2.4000000E+02 -6.8322116E-03 -1.1719683E-02 -3.4057339E-03 -8.4989644E-03  0.0000000E+00
  2.4000000E+02 -4.2721664E-03 -8.9111483E-03 -3.7034457E-03 -8.3882228E-03  0.0000000E+00
  2.4000000E+02 -1.8696410E-03 -5.9192958E-03 -3.7091825E-03 -8.2103971E-03  0.0000000E+00
  2.4000000E+02  5.5831998E-04 -2.9517489E-03 -3.4183118E-03 -7.9822411E-03  0.0000000E+00
  2.4000000E+02  2.9597160E-03 -2.7287071E-04 -2.9176875E-03 -7.7203602E-03  0.0000000E+00
  2.4000000E+02  5.2680370E-03  1.9656206E-03 -2.2506650E-03 -7.4393650E-03  0.0000000E+00
  2.4000000E+02  7.4278981E-03  3.7140977E-03 -1.4864428E-03 -7.1512773E-03  0.0000000E+00
  2.4000000E+02  9.3369410E-03  4.9771920E-03 -7.1796526E-04 -6.8654293E-03  0.0000000E+00
  2.4000000E+02  1.0873259E-02  5.7967583E-03  1.7121992E-05 -6.5886796E-03  0.0000000E+00
  2.4000000E+02  1.2011735E-02  6.2392946E-03  6.5077416E-04 -6.3260722E-03  0.0000000E+00
  2.4000000E+02  1.2730600E-02  6.4041237E-03  1.1886334E-03 -6.0803725E-03  0.0000000E+00
  2.4000000E+02  1.3074580E-02  6.3647410E-03  1.6378865E-03 -5.8532536E-03  0.0000000E+00
  2.4000000E+02  1.3047467E-02  6.1486161E-03  1.9444823E-03 -5.6454174E-03  0.0000000E+00
  2.4000000E+02  1.2689290E-02  5.8047769E-03  2.1240940E-03 -5.4564411E-03  0.0000000E+00
  2.4000000E+02  1.2068694E-02  5.3866807E-03  2.2110702E-03 -5.2851524E-03  0.0000000E+00
  2.4000000E+02  1.1264223E-02  4.9335528E-03  2.2420181E-03 -5.1299949E-03  0.0000000E+00
  2.4000000E+02  1.0343186E-02  4.4612330E-03  2.2522732E-03 -4.9893333E-03  0.0000000E+00
  2.4000000E+02  9.3468178E-03  3.9735738E-03  2.2635128E-03 -4.8616512E-03  0.0000000E+00
  2.4000000E+02  8.2723587E-03  3.4856797E-03  2.2258094E-03 -4.7456798E-03  0.0000000E+00
  2.4000000E+02  7.1856459E-03  3.0123572E-03  2.1697053E-03 -4.6401658E-03  0.0000000E+00
  2.4000000E+02  6.1435116E-03  2.5845431E-03  2.1018151E-03 -4.5437288E-03  0.0000000E+00
  2.4000000E+02  5.1355044E-03  2.1907231E-03  1.9802910E-03 -4.4553488E-03  0.0000000E+00
  2.4000000E+02  4.1762783E-03  1.8322824E-03  1.8149698E-03 -4.3739927E-03  0.0000000E+00
  2.4000000E+02  3.2856534E-03  1.5186185E-03  1.6275225E-03 -4.2985767E-03  0.0000000E+00
  2.4000000E+02  2.4800780E-03  1.2587175E-03  1.4351570E-03 -4.2279483E-03  0.0000000E+00
  2.4000000E+02  1.7715265E-03  1.0535342E-03  1.2491791E-03 -4.1609059E-03  0.0000000E+00
  2.4000000E+02  1.1698680E-03  8.9352173E-04  1.0797215E-03 -4.0962721E-03  0.0000000E+00
  2.4000000E+02  6.8474179E-04  7.6565144E-04  9.3794901E-04 -4.0330388E-03  0.0000000E+00
  2.4000000E+02  3.1468950E-04  6.7111453E-04  8.2087369E-04 -3.9705899E-03  0.0000000E+00
  2.4000000E+02 -1.8314445E-05  5.9357737E-04  6.8299691E-04 -3.9084136E-03  0.0000000E+00
  2.4000000E+02 -2.3775291E-04  5.5538082E-04  5.9025656E-04 -3.8458749E-03  0.0000000E+00
  2.4000000E+02 -3.8759470E-04  5.3404538E-04  5.0860323E-04 -3.7825462E-03  0.0000000E+00
  2.4000000E+02 -4.8621588E-04  5.1734796E-04  4.3245877E-04 -3.7182211E-03  0.0000000E+00
  2.4000000E+02 -5.4193093E-04  5.0389649E-04  3.6534881E-04 -3.6527468E-03  0.0000000E+00
  2.4000000E+02 -5.6122945E-04  4.9873187E-04  3.1022071E-04 -3.5859394E-03  0.0000000E+00
  2.4000000E+02 -5.5154583E-04  5.0696800E-04  2.6668797E-04 -3.5175637E-03  0.0000000E+00
  2.4000000E+02 -5.2038923E-04  5.2848119E-04  2.3244179E-04 -3.4473611E-03  0.0000000E+00
  2.4000000E+02 -4.7266103E-04  5.5665962E-04  2.0607056E-04 -3.3751078E-03  0.0000000E+00
  2.4000000E+02 -4.0798712E-04  5.8422423E-04  1.8852823E-04 -3.3006857E-03  0.0000000E+00
  2.4000000E+02 -3.2588148E-04  6.1730280E-04  1.7672231E-04 -3.2241503E-03  0.0000000E+00
  2.4000000E+02 -2.7333766E-04  6.3110409E-04  1.5353405E-04 -3.1456370E-03  0.0000000E+00
  2.4000000E+02 -1.7615606E-04  6.4080325E-04  1.6714034E-04 -3.0651724E-03  0.0000000E+00
  2.4000000E+02 -7.5619615E-05  6.4943267E-04  1.7934034E-04 -2.9830219E-03  0.0000000E+00
  2.4000000E+02  1.6920744E-05  6.6008487E-04  1.7897712E-04 -2.8994985E-03  0.0000000E+00
  2.4000000E+02  1.0327190E-04  6.7658702E-04  1.6755799E-04 -2.8148388E-03  0.0000000E+00
  2.4000000E+02  1.8777463E-04  7.0216359E-04  1.5106903E-04 -2.7291694E-03  0.0000000E+00
  2.4000000E+02  2.7191183E-04  7.3737714E-04  1.3617092E-04 -2.6425343E-03  0.0000000E+00
  2.4000000E+02  3.5323034E-04  7.7863738E-04  1.2896299E-04 -2.5549543E-03  0.0000000E+00
  2.4000000E+02  4.2765836E-04  8.1856849E-04  1.3450255E-04 -2.4664886E-03  0.0000000E+00
  2.4000000E+02  4.9429989E-04  8.4952486E-04  1.5526661E-04 -2.3772700E-03  0.0000000E+00
  2.4000000E+02  5.6178808E-04  8.7154526E-04  1.8674282E-04 -2.2874827E-03  0.0000000E+00
  2.4000000E+02  6.1902665E-04  8.8756365E-04  2.0583687E-04 -2.1973189E-03  0.0000000E+00
  2.4000000E+02  6.5773802E-04  8.9587460E-04  2.3143863E-04 -2.1068629E-03  0.0000000E+00
  2.4000000E+02  6.9840777E-04  9.0753614E-04  2.6312133E-04 -2.0160625E-03  0.0000000E+00
  2.4000000E+02  7.2939518E-04  9.1555171E-04  2.9175153E-04 -1.9249813E-03  0.0000000E+00
  2.4000000E+02  7.4817453E-04  9.1553572E-04  3.1618130E-04 -1.8337365E-03  0.0000000E+00
  2.4000000E+02  7.5667792E-04  9.0659859E-04  3.3713500E-04 -1.7424728E-03  0.0000000E+00
  2.4000000E+02  7.5862040E-04  8.9063252E-04  3.5452009E-04 -1.6513333E-03  0.0000000E+00
  2.4000000E+02  7.5820404E-04  8.7074775E-04  3.6716537E-04 -1.5604318E-03  0.0000000E+00
  2.4000000E+02  7.5959747E-04  8.4960944E-04  3.7398913E-04 -1.4698368E-03  0.0000000E+00
  2.4000000E+02  7.6658745E-04  8.2842494E-04  3.7560062E-04 -1.3795711E-03  0.0000000E+00
  2.4000000E+02  7.8179912E-04  8.0733158E-04  3.7533741E-04 -1.2896360E-03  0.0000000E+00
  2.4000000E+02  8.0488150E-04  7.8793482E-04  3.7874191E-04 -1.2000671E-03  0.0000000E+00
  2.4000000E+02  8.1839869E-04  7.7423215E-04  3.7976042E-04 -1.1109529E-03  0.0000000E+00
  2.4000000E+02  8.2958246E-04  7.6723299E-04  3.8890348E-04 -1.0222554E-03  0.0000000E+00
  2.4000000E+02  8.5587126E-04  7.6852375E-04  4.1051799E-04 -9.3392771E-04  0.0000000E+00
  2.4000000E+02  8.9031737E-04  7.7478463E-04  4.3138460E-04 -8.4594338E-04  0.0000000E+00
  2.4000000E+02  9.2832857E-04  7.8405552E-04  4.4631831E-04 -7.5829839E-04  0.0000000E+00
  2.4000000E+02  9.6671933E-04  7.9574749E-04  4.5442461E-04 -6.7096070E-04  0.0000000E+00
  2.4000000E+02  1.0032530E-03  8.1000662E-04  4.5683457E-04 -5.8385772E-04  0.0000000E+00
  2.4000000E+02  1.0365727E-03  8.2682985E-04  4.5551558E-04 -4.9688975E-04  0.0000000E+00
  2.4000000E+02  1.0664172E-03  8.4533260E-04  4.5275433E-04 -4.0995724E-04  0.0000000E+00
  2.4000000E+02  1.0940202E-03  8.6356808E-04  4.5090907E-04 -3.2298985E-04  0.0000000E+00
  2.4000000E+02  1.1225899E-03  8.7929786E-04  4.5202749E-04 -2.3596522E-04  0.0000000E+00
  2.4000000E+02  1.1577656E-03  8.9211368E-04  4.5692735E-04 -1.4890546E-04  0.0000000E+00
  2.4000000E+02  1.2020383E-03  9.0635804E-04  4.6145241E-04 -6.1851068E-05  0.0000000E+00
  2.4000000E+02  1.2384307E-03  9.2089398E-04  4.6533529E-04  2.5149078E-05  0.0000000E+00
  2.4000000E+02  1.2899912E-03  9.3929315E-04  4.8001447E-04  1.1214274E-04  0.0000000E+00
  2.4000000E+02  1.3417793E-03  9.6106885E-04  4.9787031E-04  1.9912467E-04  0.0000000E+00
  2.4000000E+02  1.3884628E-03  9.8507921E-04  5.1605999E-04  2.8609747E-04  0.0000000E+00
  2.4000000E+02  1.4302548E-03  1.0103106E-03  5.3377571E-04  3.7304198E-04  0.0000000E+00
  2.4000000E+02  1.4697722E-03  1.0360186E-03  5.5079215E-04  4.5990590E-04  0.0000000E+00
  2.4000000E+02  1.3294953E-05 -1.3687593E-06  5.5091774E-06  9.7310925E-03  0.0000000E+00
  2.4000000E+02 -5.9780739E-01 -7.6123391E-02 -8.4302015E-02  9.3216239E-03  0.0000000E+00
  2.4000000E+02 -2.1732026E-01 -2.5486392E-03 -6.5808361E-02  8.9073861E-03  0.0000000E+00
  2.4000000E+02  4.8487752E-02  2.3131611E-02 -2.0769726E-02  7.9548646E-03  0.0000000E+00
  2.4000000E+02  1.2229769E-01  2.6838836E-02  3.1400310E-03  6.5224312E-03  0.0000000E+00
  2.4000000E+02  1.2708381E-01  2.4691107E-02  1.3723139E-02  4.8538713E-03  0.0000000E+00
  2.4000000E+02  1.0770662E-01  1.9765665E-02  1.6630639E-02  3.1280752E-03  0.0000000E+00
  2.4000000E+02  8.2114144E-02  1.2724662E-02  1.5482570E-02  1.4494507E-03  0.0000000E+00
  2.4000000E+02  5.9976364E-02  4.1944314E-03  1.2968479E-02 -1.2526683E-04  0.0000000E+00
  2.4000000E+02  4.3798015E-02 -4.5858732E-03  1.0728581E-02 -1.5657737E-03  0.0000000E+00
  2.4000000E+02  3.1368371E-02 -1.2146825E-02  9.3248423E-03 -2.8560860E-03  0.0000000E+00
  2.4000000E+02  2.0238480E-02 -1.7375884E-02  8.5449775E-03 -3.9902521E-03  0.0000000E+00
  2.4000000E+02  8.6543735E-03 -2.0073099E-02  7.7051195E-03 -4.9704063E-03  0.0000000E+00
  2.4000000E+02 -4.3215059E-03 -2.0849721E-02  6.2342052E-03 -5.8042306E-03  0.0000000E+00
  2.4000000E+02 -1.7392664E-02 -2.0698805E-02  4.0897092E-03 -6.5031595E-03  0.0000000E+00
  2.4000000E+02 -2.6166306E-02 -2.0450819E-02  1.8381711E-03 -7.0805810E-03  0.0000000E+00
  2.4000000E+02 -2.8424485E-02 -2.0388530E-02  4.1052955E-05 -7.5489571E-03  0.0000000E+00
  2.4000000E+02 -2.6091113E-02 -2.0289694E-02 -1.0570231E-03 -7.9183812E-03  0.0000000E+00
  2.4000000E+02 -2.1865738E-02 -1.9912289E-02 -1.7438053E-03 -8.1961631E-03  0.0000000E+00
  2.4000000E+02 -1.7516933E-02 -1.9059346E-02 -2.3165864E-03 -8.3874184E-03  0.0000000E+00
  2.4000000E+02 -1.3738906E-02 -1.7634771E-02 -2.9238683E-03 -8.4966252E-03  0.0000000E+00
  2.4000000E+02 -1.0483853E-02 -1.5659454E-02 -3.5327507E-03 -8.5290863E-03  0.0000000E+00
  2.4000000E+02 -7.5595809E-03 -1.3188637E-02 -3.9439572E-03 -8.4917270E-03  0.0000000E+00
  2.4000000E+02 -5.0188493E-03 -1.0376452E-02 -4.2511697E-03 -8.3936333E-03  0.0000000E+00
  2.4000000E+02 -2.6204301E-03 -7.4005928E-03 -4.2951637E-03 -8.2445001E-03  0.0000000E+00
  2.4000000E+02 -2.0036253E-04 -4.4014508E-03 -4.0616126E-03 -8.0552536E-03  0.0000000E+00
  2.4000000E+02  2.2176025E-03 -1.5942957E-03 -3.6330935E-03 -7.8369852E-03  0.0000000E+00
  2.4000000E+02  4.5760233E-03  8.7315419E-04 -3.0432645E-03 -7.5998094E-03  0.0000000E+00
  2.4000000E+02  6.8348814E-03  2.9302152E-03 -2.3304085E-03 -7.3524637E-03  0.0000000E+00
  2.4000000E+02  8.9454314E-03  4.5598744E-03 -1.5570112E-03 -7.1021535E-03  0.0000000E+00
  2.4000000E+02  1.0819049E-02  5.7716435E-03 -7.9302314E-04 -6.8545742E-03  0.0000000E+00
  2.4000000E+02  1.2363341E-02  6.5996934E-03 -6.0449836E-05 -6.6140467E-03  0.0000000E+00
  2.4000000E+02  1.3576009E-02  7.1026640E-03  6.1592692E-04 -6.3838860E-03  0.0000000E+00
  2.4000000E+02  1.4399834E-02  7.3279948E-03  1.1501620E-03 -6.1661954E-03  0.0000000E+00
  2.4000000E+02  1.4903550E-02  7.3731763E-03  1.6509159E-03 -5.9620816E-03  0.0000000E+00
  2.4000000E+02  1.5079617E-02  7.2500630E-03  2.0371013E-03 -5.7723783E-03  0.0000000E+00
  2.4000000E+02  1.4942872E-02  6.9879978E-03  2.3002276E-03 -5.5971807E-03  0.0000000E+00
  2.4000000E+02  1.4531588E-02  6.6269714E-03  2.4598693E-03 -5.4360250E-03  0.0000000E+00
  2.4000000E+02  1.3900408E-02  6.2066501E-03  2.5428193E-03 -5.2880752E-03  0.0000000E+00
  2.4000000E+02  1.3108878E-02  5.7559870E-03  2.5766440E-03 -5.1523009E-03  0.0000000E+00
  2.4000000E+02  1.2209266E-02  5.2881299E-03  2.5883566E-03 -5.0276266E-03  0.0000000E+00
  2.4000000E+02  1.1237419E-02  4.8053410E-03  2.5989258E-03 -4.9130361E-03  0.0000000E+00
  2.4000000E+02  1.0210337E-02  4.3186423E-03  2.6043352E-03 -4.8076122E-03  0.0000000E+00
  2.4000000E+02  9.1066839E-03  3.8280395E-03  2.5340099E-03 -4.7106691E-03  0.0000000E+00
  2.4000000E+02  8.0368924E-03  3.3690097E-03  2.4853581E-03 -4.6211978E-03  0.0000000E+00
  2.4000000E+02  7.0002411E-03  2.9464445E-03  2.4118743E-03 -4.5384177E-03  0.0000000E+00
  2.4000000E+02  5.9931408E-03  2.5528821E-03  2.2908201E-03 -4.4616631E-03  0.0000000E+00
  2.4000000E+02  5.0269891E-03  2.1894168E-03  2.1303319E-03 -4.3902595E-03  0.0000000E+00
  2.4000000E+02  4.1169227E-03  1.8628298E-03  1.9469591E-03 -4.3235046E-03  0.0000000E+00
  2.4000000E+02  3.2763224E-03  1.5808215E-03  1.7551045E-03 -4.2606567E-03  0.0000000E+00
  2.4000000E+02  2.5153793E-03  1.3471989E-03  1.5646560E-03 -4.2009389E-03  0.0000000E+00
  2.4000000E+02  1.8420275E-03  1.1588717E-03  1.3830999E-03 -4.1435619E-03  0.0000000E+00
  2.4000000E+02  1.2635518E-03  1.0065134E-03  1.2184033E-03 -4.0877763E-03  0.0000000E+00
  2.4000000E+02  7.8717718E-04  8.8073853E-04  1.0789555E-03 -4.0329559E-03  0.0000000E+00
  2.4000000E+02  4.1794662E-04  7.8565355E-04  9.6685796E-04 -3.9787231E-03  0.0000000E+00
  2.4000000E+02  6.3834971E-05  7.0076359E-04  8.1963607E-04 -3.9247613E-03  0.0000000E+00
  2.4000000E+02 -1.8533033E-04  6.5279202E-04  7.1858880E-04 -3.8706450E-03  0.0000000E+00
  2.4000000E+02 -3.6335948E-04  6.2613525E-04  6.3391385E-04 -3.8160268E-03  0.0000000E+00
  2.4000000E+02 -4.9066715E-04  6.0759571E-04  5.5443916E-04 -3.7607266E-03  0.0000000E+00
  2.4000000E+02 -5.7664615E-04  5.9155576E-04  4.8039833E-04 -3.7046362E-03  0.0000000E+00
  2.4000000E+02 -6.2660826E-04  5.7886240E-04  4.1495819E-04 -3.6476549E-03  0.0000000E+00
  2.4000000E+02 -6.4544354E-04  5.7377122E-04  3.6004763E-04 -3.5896579E-03  0.0000000E+00
  2.4000000E+02 -6.3877835E-04  5.8023478E-04  3.1530982E-04 -3.5304903E-03  0.0000000E+00
  2.4000000E+02 -6.1241226E-04  5.9882124E-04  2.7899969E-04 -3.4699823E-03  0.0000000E+00
  2.4000000E+02 -5.7081380E-04  6.2554846E-04  2.4964878E-04 -3.4079759E-03  0.0000000E+00
  2.4000000E+02 -5.1545540E-04  6.5391931E-04  2.2731941E-04 -3.3443601E-03  0.0000000E+00
  2.4000000E+02 -4.4376754E-04  6.8144351E-04  2.1327021E-04 -3.2791063E-03  0.0000000E+00
  2.4000000E+02 -3.7246228E-04  7.1317512E-04  1.9336768E-04 -3.2122988E-03  0.0000000E+00
  2.4000000E+02 -3.1245752E-04  7.2637111E-04  1.7676809E-04 -3.1440015E-03  0.0000000E+00
  2.4000000E+02 -2.1581902E-04  7.3614082E-04  1.9017551E-04 -3.0742327E-03  0.0000000E+00
  2.4000000E+02 -1.1445195E-04  7.4471895E-04  2.0410149E-04 -3.0031665E-03  0.0000000E+00
  2.4000000E+02 -1.9413882E-05  7.5430471E-04  2.0784449E-04 -2.9310126E-03  0.0000000E+00
  2.4000000E+02  6.8932506E-05  7.6768536E-04  2.0066281E-04 -2.8579471E-03  0.0000000E+00
  2.4000000E+02  1.5390190E-04  7.8771554E-04  1.8621160E-04 -2.7840841E-03  0.0000000E+00
  2.4000000E+02  2.3821215E-04  8.1620321E-04  1.6946984E-04 -2.7094785E-03  0.0000000E+00
  2.4000000E+02  3.2206121E-04  8.5275298E-04  1.5538342E-04 -2.6341489E-03  0.0000000E+00
  2.4000000E+02  4.0316323E-04  8.9411755E-04  1.4845013E-04 -2.5581092E-03  0.0000000E+00
  2.4000000E+02  4.7835173E-04  9.3460816E-04  1.5247269E-04 -2.4813985E-03  0.0000000E+00
  2.4000000E+02  5.4635778E-04  9.6811463E-04  1.6970560E-04 -2.4040989E-03  0.0000000E+00
  2.4000000E+02  6.1137113E-04  9.9228598E-04  1.9862205E-04 -2.3263285E-03  0.0000000E+00
  2.4000000E+02  6.8699227E-04  1.0154223E-03  2.2952656E-04 -2.2482011E-03  0.0000000E+00
  2.4000000E+02  7.2406109E-04  1.0231607E-03  2.4371285E-04 -2.1698665E-03  0.0000000E+00
  2.4000000E+02  7.6519010E-04  1.0330123E-03  2.7252650E-04 -2.0912820E-03  0.0000000E+00
  2.4000000E+02  8.0522084E-04  1.0446478E-03  3.0413551E-04 -2.0124418E-03  0.0000000E+00
  2.4000000E+02  8.3650136E-04  1.0528654E-03  3.3284520E-04 -1.9333922E-03  0.0000000E+00
  2.4000000E+02  8.5711187E-04  1.0542797E-03  3.5784770E-04 -1.8542094E-03  0.0000000E+00
  2.4000000E+02  8.6820890E-04  1.0478305E-03  3.7972788E-04 -1.7749873E-03  0.0000000E+00
  2.4000000E+02  8.7237195E-04  1.0344717E-03  3.9869896E-04 -1.6958221E-03  0.0000000E+00
  2.4000000E+02  8.7269496E-04  1.0163589E-03  4.1414199E-04 -1.6167987E-03  0.0000000E+00
  2.4000000E+02  8.7236503E-04  9.9585717E-04  4.2502352E-04 -1.5379794E-03  0.0000000E+00
  2.4000000E+02  8.7447071E-04  9.7468827E-04  4.3076592E-04 -1.4593988E-03  0.0000000E+00
  2.4000000E+02  8.8178224E-04  9.5353815E-04  4.3214458E-04 -1.3810669E-03  0.0000000E+00
  2.4000000E+02  8.9624628E-04  9.3244440E-04  4.3178627E-04 -1.3029835E-03  0.0000000E+00
  2.4000000E+02  9.1793720E-04  9.1228403E-04  4.3384312E-04 -1.2251664E-03  0.0000000E+00
  2.4000000E+02  9.4320766E-04  8.9768193E-04  4.4241645E-04 -1.1476950E-03  0.0000000E+00
  2.4000000E+02  9.4463447E-04  8.8565212E-04  4.3842207E-04 -1.0705271E-03  0.0000000E+00
  2.4000000E+02  9.6279568E-04  8.8237599E-04  4.5489548E-04 -9.9367474E-04  0.0000000E+00
  2.4000000E+02  9.9175145E-04  8.8524389E-04  4.7725028E-04 -9.1708772E-04  0.0000000E+00
  2.4000000E+02  1.0268541E-03  8.9196572E-04  4.9755539E-04 -8.4075904E-04  0.0000000E+00
  2.4000000E+02  1.0648321E-03  9.0121149E-04  5.1252319E-04 -7.6468589E-04  0.0000000E+00
  2.4000000E+02  1.1032938E-03  9.1254796E-04  5.2151693E-04 -6.8884773E-04  0.0000000E+00
